2536.976318359375,110.14407348632812,4070.609619140625,0.06480684876441956,-3.411440134048462,99.98306274414062
2536.910888671875,110.1397705078125,4070.6201171875,0.06506944447755814,-3.4423742294311523,99.9830322265625
2536.844970703125,110.13545989990234,4070.631103515625,0.06523652374744415,-3.4730758666992188,99.98297119140625
2536.77880859375,110.13114166259766,4070.64208984375,0.06545250117778778,-3.503715991973877,99.98291015625
2536.712646484375,110.12680053710938,4070.6533203125,0.06544315814971924,-3.5343973636627197,99.98284912109375
2536.646240234375,110.1224594116211,4070.664794921875,0.06577280908823013,-3.565187692642212,99.98277282714844
2536.57958984375,110.11811065673828,4070.677490234375,0.06560467183589935,-3.5958211421966553,99.98275756835938
2536.5126953125,110.11373901367188,4070.68994140625,0.0656881034374237,-3.6268303394317627,99.98269653320312
2536.445556640625,110.10933685302734,4070.702392578125,0.06728469580411911,-3.658201217651367,99.98272705078125
2536.37841796875,110.10482788085938,4070.71484375,0.06989137828350067,-3.695739984512329,99.98269653320312
2536.3125,110.10028839111328,4070.725830078125,0.07092297822237015,-3.737205982208252,99.98225402832031
2536.24755859375,110.09580993652344,4070.73681640625,0.07106883078813553,-3.7788703441619873,99.9814453125
2536.182861328125,110.09133911132812,4070.747802734375,0.07114104181528091,-3.8196396827697754,99.98072814941406
2536.118408203125,110.08686065673828,4070.758544921875,0.07104912400245667,-3.8598899841308594,99.98051452636719
2536.053955078125,110.08235168457031,4070.76953125,0.07086942344903946,-3.899785041809082,99.9771728515625
2535.98876953125,110.07785034179688,4070.780517578125,0.07094543427228928,-3.9396324157714844,99.97805786132812
2535.923095703125,110.07328796386719,4070.79150390625,0.07179158180952072,-3.9791245460510254,99.97805786132812
2535.8564453125,110.06868743896484,4070.8037109375,0.07206442207098007,-4.019436359405518,99.978271484375
2535.788330078125,110.06396484375,4070.81591796875,0.07213742285966873,-4.060178279876709,99.97857666015625
2535.71875,110.05917358398438,4070.828369140625,0.07158859074115753,-4.102224826812744,99.97909545898438
2535.647705078125,110.05424499511719,4070.8408203125,0.07226215302944183,-4.144777297973633,99.97900390625
2535.57421875,110.0492172241211,4070.853271484375,0.07230892777442932,-4.188626766204834,99.97897338867188
2535.4990234375,110.04401397705078,4070.86669921875,0.0726613774895668,-4.233760833740234,99.97859191894531
2535.421142578125,110.03865051269531,4070.880859375,0.07199905812740326,-4.280267715454102,99.97869873046875
2535.340576171875,110.03287506103516,4070.89453125,0.07038842886686325,-4.319910049438477,99.97869873046875
2535.2568359375,110.02677154541016,4070.9091796875,0.06990033388137817,-4.3572096824646,99.97831726074219
2535.170166015625,110.0203857421875,4070.9248046875,0.06957949697971344,-4.394837379455566,99.97843933105469
2535.079833984375,110.01374053955078,4070.9404296875,0.06983625143766403,-4.43435001373291,99.97831726074219
2534.985595703125,110.00678253173828,4070.95751953125,0.06961347907781601,-4.475371837615967,99.97853088378906
2534.886962890625,109.99951934814453,4070.974609375,0.06943236291408539,-4.518518447875977,99.97857666015625
2534.783447265625,109.99188995361328,4070.99267578125,0.06985731422901154,-4.563843250274658,99.97859191894531
2534.67431640625,109.98390197753906,4071.01171875,0.06941308081150055,-4.611880302429199,99.97854614257812
2534.559326171875,109.9754638671875,4071.031982421875,0.06988763064146042,-4.662409782409668,99.97853088378906
2534.43798828125,109.96646881103516,4071.0537109375,0.0727275162935257,-4.712249755859375,99.97866821289062
2534.309814453125,109.95632934570312,4071.076171875,0.07575726509094238,-4.73870325088501,99.97883605957031
2534.174560546875,109.94527435302734,4071.099853515625,0.07647714763879776,-4.756229400634766,99.97885131835938
2534.032470703125,109.93352508544922,4071.125,0.07615520805120468,-4.77288818359375,99.97889709472656
2533.88330078125,109.92117309570312,4071.151123046875,0.07631124556064606,-4.7908854484558105,99.97885131835938
2533.72705078125,109.90824890136719,4071.1787109375,0.07651928067207336,-4.810515403747559,99.97883605957031
2533.56396484375,109.89479064941406,4071.20751953125,0.075897715985775,-4.832180976867676,99.97883605957031
2533.3935546875,109.88042449951172,4071.237060546875,0.08047017455101013,-4.85791015625,99.97886657714844
2533.21630859375,109.8648681640625,4071.268310546875,0.08223571628332138,-4.876584053039551,99.97886657714844
2533.031982421875,109.84844207763672,4071.300537109375,0.08261870592832565,-4.893618583679199,99.97886657714844
2532.8408203125,109.83132934570312,4071.334228515625,0.08295848965644836,-4.911315441131592,99.97886657714844
2532.642822265625,109.81358337402344,4071.368896484375,0.08327363431453705,-4.929593086242676,99.97886657714844
2532.43798828125,109.79524993896484,4071.405029296875,0.0825873613357544,-4.949004650115967,99.97886657714844
2532.22607421875,109.77635192871094,4071.4423828125,0.0822002962231636,-4.969576835632324,99.97886657714844
2532.0078125,109.75690460205078,4071.48095703125,0.08250696957111359,-4.991119384765625,99.97886657714844
2531.782958984375,109.73688507080078,4071.520263671875,0.08237646520137787,-5.013700008392334,99.97886657714844
2531.551513671875,109.7162857055664,4071.560791015625,0.08258802443742752,-5.037168502807617,99.97889709472656
2531.313720703125,109.69515991210938,4071.60302734375,0.0822848305106163,-5.061456680297852,99.97891235351562
2531.0693359375,109.67353057861328,4071.646240234375,0.08185755461454391,-5.086489200592041,99.97891235351562
2530.818603515625,109.65147399902344,4071.690185546875,0.08272901177406311,-5.112177848815918,99.9796142578125
2530.56689453125,109.62895202636719,4071.73388671875,0.08589176833629608,-5.158383846282959,99.97843933105469
2530.314208984375,109.60562896728516,4071.77783203125,0.08802627772092819,-5.199460506439209,99.9786376953125
2530.06005859375,109.58172607421875,4071.82275390625,0.08872461318969727,-5.2309889793396,99.97897338867188
2529.80322265625,109.55735778808594,4071.867919921875,0.08865592628717422,-5.258179664611816,99.97933959960938
2529.54296875,109.53266143798828,4071.913330078125,0.0877562165260315,-5.284271240234375,99.97927856445312
2529.27783203125,109.50755310058594,4071.960205078125,0.08784186094999313,-5.309754848480225,99.97933959960938
2529.00830078125,109.4820556640625,4072.0078125,0.0881333202123642,-5.335634231567383,99.9796142578125
2528.7333984375,109.45606231689453,4072.05615234375,0.08782180398702621,-5.361391067504883,99.97987365722656
2528.45263671875,109.4295654296875,4072.10595703125,0.08759831637144089,-5.388213157653809,99.97972106933594
2528.165771484375,109.40252685546875,4072.15625,0.0870426818728447,-5.4153151512146,99.97982788085938
2527.873291015625,109.37496185302734,4072.207763671875,0.08778469264507294,-5.443844795227051,99.97975158691406
2527.574462890625,109.34639739990234,4072.26025390625,0.09004435688257217,-5.454684257507324,99.97987365722656
2527.26953125,109.3168716430664,4072.31396484375,0.09035030752420425,-5.453277587890625,99.98002624511719
2526.958251953125,109.28658294677734,4072.36865234375,0.09070774912834167,-5.448940277099609,99.97993469238281
2526.640625,109.25569152832031,4072.424560546875,0.09031064063310623,-5.445340633392334,99.98011779785156
2526.31689453125,109.22419738769531,4072.4814453125,0.09017866849899292,-5.442041873931885,99.9801025390625
2525.987060546875,109.19210815429688,4072.539306640625,0.08998684585094452,-5.43969202041626,99.98023986816406
2525.650634765625,109.15943145751953,4072.5986328125,0.09036064147949219,-5.43773889541626,99.98037719726562
2525.308349609375,109.12619018554688,4072.65869140625,0.09070703387260437,-5.4363932609558105,99.98027038574219
2524.959716796875,109.09235382080078,4072.719970703125,0.08987651765346527,-5.435518741607666,99.98027038574219
2524.60498046875,109.05796813964844,4072.782470703125,0.09028037637472153,-5.434876918792725,99.98036193847656
2524.244140625,109.02291870117188,4072.845947265625,0.09038501232862473,-5.437253952026367,99.98049926757812
2523.877197265625,108.98711395263672,4072.91015625,0.09120508283376694,-5.447751522064209,99.98042297363281
2523.502685546875,108.95052337646484,4072.97607421875,0.09073218703269958,-5.459014892578125,99.98054504394531
2523.119384765625,108.91301727294922,4073.043701171875,0.09092658758163452,-5.469669818878174,99.98065185546875
2522.725830078125,108.8744888305664,4073.1123046875,0.09136059135198593,-5.479245662689209,99.98065185546875
2522.32177734375,108.83492279052734,4073.183349609375,0.0916663259267807,-5.489197254180908,99.98078918457031
2521.905517578125,108.79421997070312,4073.256591796875,0.09113787859678268,-5.499176025390625,99.98068237304688
2521.477294921875,108.75233459472656,4073.33203125,0.09051673114299774,-5.509947299957275,99.98080444335938
2521.0361328125,108.70899963378906,4073.40966796875,0.09074610471725464,-5.512269496917725,99.98080444335938
2520.58251953125,108.66426849365234,4073.4892578125,0.09056703746318817,-5.509585380554199,99.98078918457031
2520.115966796875,108.6181640625,4073.571533203125,0.09143725782632828,-5.5070719718933105,99.98078918457031
2519.63671875,108.57059478759766,4073.655517578125,0.0925884023308754,-5.516115188598633,99.98080444335938
2519.14453125,108.5216064453125,4073.7421875,0.09255917370319366,-5.530267238616943,99.98078918457031
2518.639404296875,108.47132873535156,4073.830810546875,0.09282892197370529,-5.546871662139893,99.98080444335938
2518.12353515625,108.41996765136719,4073.921875,0.09317689388990402,-5.565702438354492,99.98080444335938
2517.59912109375,108.3677978515625,4074.013916015625,0.09183472394943237,-5.587224006652832,99.9808349609375
2517.0673828125,108.31481170654297,4074.107666015625,0.09237836301326752,-5.606779098510742,99.98088073730469
2516.52880859375,108.26090240478516,4074.20263671875,0.09178648144006729,-5.613916397094727,99.98091125488281
2515.984130859375,108.20636749267578,4074.29833984375,0.09111153334379196,-5.609251499176025,99.98094177246094
2515.433837890625,108.15152740478516,4074.395263671875,0.09175167232751846,-5.589785575866699,99.98095703125
2514.877685546875,108.09626770019531,4074.492919921875,0.09169549494981766,-5.567928791046143,99.98095703125
2514.315185546875,108.04015350341797,4074.591796875,0.09245787560939789,-5.5552659034729,99.98098754882812
2513.743896484375,107.98313903808594,4074.692138671875,0.09200229495763779,-5.540280342102051,99.98095703125
2513.162841796875,107.92544555664062,4074.794189453125,0.09015410393476486,-5.517453670501709,99.98094177246094
2512.571044921875,107.86734008789062,4074.8984375,0.0899658054113388,-5.494989395141602,99.98094177246094
2511.968017578125,107.8085708618164,4075.00439453125,0.08991821855306625,-5.473604202270508,99.98091125488281
2511.35546875,107.74864196777344,4075.1123046875,0.09007447212934494,-5.445525169372559,99.98098754882812
2510.735595703125,107.68783569335938,4075.221435546875,0.0897546038031578,-5.425963401794434,99.98098754882812
2510.109375,107.62661743164062,4075.33154296875,0.08992424607276917,-5.423395156860352,99.98098754882812
2509.475830078125,107.5649185180664,4075.442626953125,0.09031308442354202,-5.442315101623535,99.98100280761719
2508.834228515625,107.50242614746094,4075.555419921875,0.08992505073547363,-5.46642541885376,99.98103332519531
2508.184814453125,107.43904113769531,4075.669189453125,0.09092867374420166,-5.486724853515625,99.98104858398438
2507.52783203125,107.37476348876953,4075.784912109375,0.0901193767786026,-5.5017991065979,99.98106384277344
2506.86376953125,107.30964660644531,4075.90185546875,0.08944977819919586,-5.512078285217285,99.9810791015625
2506.192626953125,107.24330139160156,4076.02001953125,0.09254394471645355,-5.535369396209717,99.98127746582031
2505.515625,107.17403411865234,4076.138916015625,0.09879333525896072,-5.674807548522949,99.98155212402344
2504.83203125,107.10250854492188,4076.259033203125,0.10102301836013794,-5.862972736358643,99.98179626464844
2504.14208984375,107.02972412109375,4076.380859375,0.10038130730390549,-6.060638427734375,99.98196411132812
2503.445068359375,106.95598602294922,4076.50341796875,0.10087523609399796,-6.254240036010742,99.98208618164062
2502.740966796875,106.87905883789062,4076.627197265625,0.10468535125255585,-6.339508056640625,99.98223876953125
2502.030029296875,106.79915618896484,4076.752197265625,0.10638220608234406,-6.345388889312744,99.98223876953125
2501.3125,106.71788024902344,4076.87841796875,0.10624071955680847,-6.334501266479492,99.98225402832031
2500.58984375,106.63594818115234,4077.005126953125,0.10527525842189789,-6.323176860809326,99.98225402832031
2499.862548828125,106.5535888671875,4077.13330078125,0.10563985258340836,-6.314393520355225,99.98225402832031
2499.130615234375,106.47091674804688,4077.26171875,0.1059383749961853,-6.308075428009033,99.98225402832031
2498.39453125,106.38794708251953,4077.391357421875,0.1051589623093605,-6.303677082061768,99.98225402832031
2497.65478515625,106.30463409423828,4077.521240234375,0.10404260456562042,-6.300774097442627,99.98225402832031
2496.910888671875,106.22102355957031,4077.65234375,0.10408595949411392,-6.298526763916016,99.98223876953125
2496.163330078125,106.13705444335938,4077.78369140625,0.1040949821472168,-6.296962738037109,99.98223876953125
2495.411865234375,106.052734375,4077.915771484375,0.10308603197336197,-6.295746803283691,99.98223876953125
2494.6572265625,105.96806335449219,4078.048583984375,0.10308972001075745,-6.294981956481934,99.98222351074219
2493.8994140625,105.883056640625,4078.181396484375,0.10308972001075745,-6.294981956481934,99.98222351074219
2493.140625,105.79800415039062,4078.314208984375,0.10317046195268631,-6.298089981079102,99.98222351074219
2492.38525390625,105.71334838867188,4078.447021484375,0.10327322781085968,-6.304503440856934,99.98223876953125
2491.635009765625,105.62953186035156,4078.578857421875,0.10202115774154663,-6.299899578094482,99.98208618164062
2490.891845703125,105.54756927490234,4078.709716796875,0.10087034851312637,-6.240292549133301,99.98202514648438
2490.156494140625,105.46712493896484,4078.8388671875,0.09995327889919281,-6.163302898406982,99.98196411132812
2489.4296875,105.38790130615234,4078.961669921875,0.04159891605377197,-6.084987640380859,99.72653198242188
2488.711181640625,105.31027221679688,4079.0693359375,-0.13214111328125,-6.014711856842041,98.82917785644531
2488.001708984375,105.23709869384766,4079.155029296875,-0.3897095024585724,-5.895081520080566,97.21405029296875
2487.301513671875,105.16722106933594,4079.2177734375,-0.6620789170265198,-5.737454414367676,95.19203186035156
2486.61083984375,105.099365234375,4079.2578125,-0.9362181425094604,-5.566644668579102,92.96315002441406
2485.930419921875,105.03301239013672,4079.27392578125,-1.208221197128296,-5.388971328735352,90.63186645507812
2485.26123046875,104.97000122070312,4079.2646484375,-1.420684576034546,-5.260010242462158,88.27606201171875
2484.6025390625,104.910888671875,4079.23779296875,-1.5455018281936646,-5.15777587890625,86.40019226074219
2483.95263671875,104.85360717773438,4079.21044921875,-1.499328374862671,-5.079372406005859,85.67691040039062
2483.314208984375,104.79743957519531,4079.19091796875,-1.3200377225875854,-5.02789306640625,86.15202331542969
2482.686767578125,104.7421646118164,4079.18408203125,-1.0675045251846313,-4.988039016723633,87.48533630371094
2482.06982421875,104.68855285644531,4079.192138671875,-0.7856444716453552,-4.965943336486816,89.27447509765625
2481.463623046875,104.63652038574219,4079.216064453125,-0.526702880859375,-4.963682651519775,91.28208923339844
2480.86767578125,104.58536529541016,4079.258544921875,-0.2771911323070526,-4.961121082305908,93.390380859375
2480.282958984375,104.53487396240234,4079.320556640625,-0.03741456940770149,-4.953123092651367,95.53721618652344
2479.71044921875,104.485107421875,4079.401123046875,0.19621515274047852,-4.943389892578125,97.688232421875
2479.150146484375,104.43648529052734,4079.501220703125,0.4167787432670593,-4.943567752838135,99.82229614257812
2478.602783203125,104.38893127441406,4079.6201171875,0.6230102181434631,-4.932516574859619,101.94131469726562
2478.065185546875,104.34239196777344,4079.748291015625,0.7134780883789062,-4.902524948120117,103.55810546875
2477.533935546875,104.296630859375,4079.86767578125,0.6116082668304443,-4.876461029052734,103.91508483886719
2477.010498046875,104.2516860961914,4079.97265625,0.40986835956573486,-4.858490943908691,103.16706848144531
2476.494384765625,104.20735931396484,4080.072021484375,0.28200575709342957,-4.837795257568359,102.22297668457031
2475.98583984375,104.16364288330078,4080.17431640625,0.259010910987854,-4.815125942230225,101.76449584960938
2475.484375,104.12081146240234,4080.27685546875,0.24720002710819244,-4.8072509765625,101.55570983886719
2474.989501953125,104.07877349853516,4080.377197265625,0.23559410870075226,-4.807346343994141,101.46086120605469
2474.50146484375,104.03733825683594,4080.47607421875,0.22520843148231506,-4.808746814727783,101.41769409179688
2474.01953125,103.99647521972656,4080.57373046875,0.21750061213970184,-4.809989929199219,101.39805603027344
2473.544189453125,103.95610809326172,4080.669677734375,0.2110147476196289,-4.810638427734375,101.38916015625
2473.0751953125,103.91629028320312,4080.763916015625,0.20639021694660187,-4.811273574829102,101.38510131835938
2472.612548828125,103.876953125,4080.857177734375,0.20300759375095367,-4.811553955078125,101.38316345214844
2472.15576171875,103.83811950683594,4080.948974609375,0.20078541338443756,-4.811827182769775,101.38238525390625
2471.704345703125,103.79972076416016,4081.03955078125,0.19924332201480865,-4.810666084289551,101.38201904296875
2471.256591796875,103.76162719726562,4081.1298828125,0.19798780977725983,-4.808377742767334,101.3819580078125
2470.81005859375,103.7236099243164,4081.21923828125,0.19816948473453522,-4.803528308868408,101.38186645507812
2470.36328125,103.68555450439453,4081.30859375,0.19714850187301636,-4.797914028167725,101.38192749023438
2469.91455078125,103.64733123779297,4081.399169921875,0.19647841155529022,-4.791404724121094,101.38198852539062
2469.463134765625,103.6088638305664,4081.489990234375,0.19617705047130585,-4.785551071166992,101.38201904296875
2469.008056640625,103.57011413574219,4081.58154296875,0.19503426551818848,-4.779206275939941,101.38212585449219
2468.549072265625,103.5313720703125,4081.673583984375,0.19184187054634094,-4.755553245544434,101.38212585449219
2468.087890625,103.49275970458984,4081.765869140625,0.19111564755439758,-4.723662853240967,101.38214111328125
2467.626708984375,103.45428466796875,4081.858154296875,0.19112008810043335,-4.69315242767334,101.38224792480469
2467.1669921875,103.41595458984375,4081.9501953125,0.19168876111507416,-4.66400146484375,101.38238525390625
2466.708740234375,103.37775421142578,4082.042724609375,0.1913379281759262,-4.636011123657227,101.38241577148438
2466.252685546875,103.3397216796875,4082.135009765625,0.19160319864749908,-4.608704090118408,101.38250732421875
2465.79931640625,103.30209350585938,4082.2255859375,0.1890350729227066,-4.591614723205566,101.38253784179688
2465.34716796875,103.26504516601562,4082.316162109375,0.188360333442688,-4.589989185333252,101.38272094726562
2464.896484375,103.22825622558594,4082.40673828125,0.1882278323173523,-4.592222690582275,101.38278198242188
2464.4462890625,103.19154357910156,4082.497314453125,0.1886514574289322,-4.594203472137451,101.38290405273438
2463.997802734375,103.15496826171875,4082.588134765625,0.18623173236846924,-4.595029830932617,101.38287353515625
2463.5517578125,103.11930084228516,4082.677490234375,0.1806221604347229,-4.558925628662109,101.38325500488281
2463.10986328125,103.08447265625,4082.766357421875,0.17898385226726532,-4.505520343780518,101.38339233398438
2462.672607421875,103.0501937866211,4082.854248046875,0.17940016090869904,-4.4488844871521,101.38345336914062
2462.240478515625,103.01639556884766,4082.941162109375,0.1795954555273056,-4.393280029296875,101.38359069824219
2461.8134765625,102.98298645019531,4083.027099609375,0.17947030067443848,-4.339048385620117,101.38372802734375
2461.39208984375,102.94998168945312,4083.11181640625,0.17956437170505524,-4.285854816436768,101.38385009765625
2460.97607421875,102.91749572753906,4083.195556640625,0.177494615316391,-4.240870952606201,101.38392639160156
2460.56591796875,102.88632202148438,4083.278076171875,0.1746409833431244,-4.232544898986816,101.38394165039062
2460.16162109375,102.85597229003906,4083.359375,0.17379434406757355,-4.235721111297607,101.38406372070312
2459.762939453125,102.82615661621094,4083.439697265625,0.1736280918121338,-4.24124002456665,101.38409423828125
2459.369384765625,102.79674530029297,4083.5185546875,0.17360879480838776,-4.245419979095459,101.38421630859375
2458.9814453125,102.76776885986328,4083.5966796875,0.17106053233146667,-4.246765613555908,101.38430786132812
2458.59912109375,102.73946380615234,4083.673583984375,0.1688508838415146,-4.23019552230835,101.38446044921875
2458.221923828125,102.71173858642578,4083.749267578125,0.16941608488559723,-4.207280158996582,101.38465881347656
2457.849609375,102.68443298339844,4083.82421875,0.16876757144927979,-4.18301248550415,101.38475036621094
2457.48291015625,102.65752410888672,4083.897705078125,0.16925621032714844,-4.159236431121826,101.38475036621094
2457.12109375,102.63094329833984,4083.970458984375,0.16957570612430573,-4.135378837585449,101.38485717773438
2456.764892578125,102.60474395751953,4084.0419921875,0.1693941056728363,-4.11229944229126,101.385009765625
2456.41357421875,102.57887268066406,4084.11279296875,0.16968470811843872,-4.089377403259277,101.38522338867188
2456.0673828125,102.55342864990234,4084.18212890625,0.16799981892108917,-4.069460868835449,101.38519287109375
