2595.6103515625,102.92181396484375,4352.990234375,0.017915967851877213,0.16971653699874878,5.7960357666015625
2595.595458984375,102.92223358154297,4352.84375,0.017794063314795494,0.16617849469184875,5.796051025390625
2595.580810546875,102.92265319824219,4352.69775390625,0.017681408673524857,0.1619710922241211,5.796073913574219
2595.56591796875,102.9230728149414,4352.5498046875,0.017629370093345642,0.1584194004535675,5.796119689941406
2595.551025390625,102.92350006103516,4352.40283203125,0.017070932313799858,0.15469011664390564,5.796142578125
2595.5361328125,102.92390441894531,4352.25439453125,0.016244521364569664,0.15229271352291107,5.796119689941406
2595.521240234375,102.92430114746094,4352.10595703125,0.015944110229611397,0.14990215003490448,5.796180725097656
2595.506103515625,102.92467498779297,4351.95654296875,0.01566363126039505,0.14834487438201904,5.7962188720703125
2595.490966796875,102.92506408691406,4351.8076171875,0.01568560115993023,0.14636412262916565,5.796226501464844
2595.474365234375,102.9254379272461,4351.6572265625,0.021632172167301178,0.14503222703933716,5.852348327636719
2595.45703125,102.92582702636719,4351.50634765625,0.026029063388705254,0.14301732182502747,5.943084716796875
2595.43896484375,102.92621612548828,4351.35498046875,0.028981225565075874,0.1418493539094925,6.047172546386719
2595.420166015625,102.9266586303711,4351.20458984375,0.033927615731954575,0.1426621526479721,6.1709442138671875
2595.401123046875,102.92716217041016,4351.0537109375,0.03520522266626358,0.1472383737564087,6.294464111328125
2595.381591796875,102.92771911621094,4350.90283203125,0.033794913440942764,0.1524907946586609,6.4200897216796875
2595.362060546875,102.92829132080078,4350.7509765625,0.030458083376288414,0.15837842226028442,6.5242919921875
2595.343505859375,102.92886352539062,4350.59912109375,0.0213773176074028,0.16381524503231049,6.564491271972656
2595.32568359375,102.92945098876953,4350.4462890625,0.01606992445886135,0.16975751519203186,6.570503234863281
2595.307861328125,102.93000793457031,4350.29296875,0.014212628826498985,0.1757475882768631,6.5784454345703125
2595.289794921875,102.93055725097656,4350.13916015625,0.013822605833411217,0.1830832064151764,6.58062744140625
2595.271728515625,102.93108367919922,4349.9853515625,0.016036352142691612,0.1908218115568161,6.588066101074219
2595.25390625,102.93167114257812,4349.8310546875,0.02129645273089409,0.2020096629858017,6.590080261230469
2595.23583984375,102.93231201171875,4349.67578125,0.023570694029331207,0.21579980850219727,6.597236633300781
2595.218017578125,102.9330062866211,4349.52001953125,0.024545930325984955,0.23077842593193054,6.599037170410156
2595.199951171875,102.93370819091797,4349.3642578125,0.025084884837269783,0.2452925741672516,6.606025695800781
2595.181884765625,102.93443298339844,4349.20751953125,0.02517702989280224,0.2603053152561188,6.607673645019531
2595.1640625,102.93515014648438,4349.05029296875,0.025251833721995354,0.2748536169528961,6.61444091796875
2595.146240234375,102.93585968017578,4348.89306640625,0.025249050930142403,0.2897229492664337,6.615966796875
2595.1279296875,102.93656921386719,4348.734375,0.024994708597660065,0.30400487780570984,6.62255859375
2595.1083984375,102.93728637695312,4348.57568359375,0.03023226000368595,0.3188127279281616,6.675712585449219
2595.087890625,102.93798828125,4348.4169921875,0.0334678515791893,0.33305367827415466,6.760124206542969
2595.067138671875,102.93875885009766,4348.2578125,0.03736760467290878,0.3453889787197113,6.846015930175781
2595.047119140625,102.93961334228516,4348.09765625,0.03211265429854393,0.35348957777023315,6.881309509277344
2595.027587890625,102.94053649902344,4347.9375,0.027890071272850037,0.36082521080970764,6.8860015869140625
2595.008056640625,102.94148254394531,4347.7763671875,0.026553558185696602,0.3670543432235718,6.8925628662109375
2594.988525390625,102.94242095947266,4347.61474609375,0.025794612243771553,0.3738093972206116,6.893684387207031
2594.968994140625,102.94343566894531,4347.453125,0.03379784896969795,0.3851611912250519,6.8997802734375
2594.949462890625,102.94461822509766,4347.29052734375,0.03746122494339943,0.40390321612358093,6.900703430175781
2594.929931640625,102.94587707519531,4347.12744140625,0.03876936435699463,0.42483773827552795,6.906379699707031
2594.910400390625,102.94719696044922,4346.9638671875,0.04100007936358452,0.4459293782711029,6.907188415527344
2594.889404296875,102.94862365722656,4346.80029296875,0.04855116084218025,0.4627862572669983,6.964073181152344
2594.867431640625,102.95013427734375,4346.63623046875,0.052546605467796326,0.47753265500068665,7.050483703613281
2594.845458984375,102.95166778564453,4346.4716796875,0.05194060131907463,0.4908924996852875,7.139350891113281
2594.82373046875,102.95320129394531,4346.306640625,0.04457325115799904,0.50449138879776,7.167167663574219
2594.802734375,102.95472717285156,4346.140625,0.03976309299468994,0.517673671245575,7.1757354736328125
2594.78173828125,102.95626068115234,4345.97412109375,0.040057454258203506,0.5322083234786987,7.1766357421875
2594.760498046875,102.95792388916016,4345.8076171875,0.045628756284713745,0.5536892414093018,7.181770324707031
2594.739501953125,102.95972442626953,4345.64013671875,0.047604650259017944,0.5808051228523254,7.1820068359375
2594.71826171875,102.96158599853516,4345.47216796875,0.0480928048491478,0.6089932918548584,7.186767578125
2594.697265625,102.96347045898438,4345.3037109375,0.04821476340293884,0.6381309032440186,7.186866760253906
2594.67626953125,102.96537017822266,4345.134765625,0.04826992377638817,0.6667971611022949,7.19146728515625
2594.655029296875,102.9672622680664,4344.96435546875,0.04783622920513153,0.6957298517227173,7.191444396972656
2594.6337890625,102.96915435791016,4344.794921875,0.04753466323018074,0.7243620157241821,7.1959075927734375
2594.612060546875,102.97103881835938,4344.62451171875,0.0469544343650341,0.7531649470329285,7.19580078125
2594.590576171875,102.97306060791016,4344.453125,0.05204998701810837,0.7759231328964233,7.20025634765625
2594.568603515625,102.97528076171875,4344.28173828125,0.05406779423356056,0.7917144894599915,7.200263977050781
2594.546875,102.97758483886719,4344.10986328125,0.05472255498170853,0.8049787282943726,7.204559326171875
2594.52490234375,102.97994232177734,4343.9375,0.05489988625049591,0.8180516958236694,7.20440673828125
2594.503173828125,102.98229217529297,4343.76513671875,0.054627418518066406,0.8313978910446167,7.208564758300781
2594.481201171875,102.98462677001953,4343.591796875,0.05400076508522034,0.8449012041091919,7.208351135253906
2594.459228515625,102.98696899414062,4343.41796875,0.053443532437086105,0.8583293557167053,7.212348937988281
2594.4375,102.98928833007812,4343.24365234375,0.05295322835445404,0.872098982334137,7.2119903564453125
2594.41552734375,102.99160766601562,4343.0693359375,0.05270043760538101,0.8857320547103882,7.21588134765625
2594.393798828125,102.99405670166016,4342.89404296875,0.05719706788659096,0.8952738046646118,7.215644836425781
2594.371826171875,102.99669647216797,4342.71875,0.059230558574199677,0.8970223665237427,7.21954345703125
2594.349365234375,102.99944305419922,4342.54296875,0.05926782265305519,0.8962163925170898,7.219184875488281
2594.326171875,103.00222778320312,4342.36669921875,0.064034603536129,0.8948845267295837,7.277313232421875
2594.301513671875,103.0050277709961,4342.1904296875,0.06684167683124542,0.893921434879303,7.366065979003906
2594.2763671875,103.00782775878906,4342.013671875,0.06625785678625107,0.8928627967834473,7.468757629394531
2594.251953125,103.01065063476562,4341.83642578125,0.0576913021504879,0.8919065594673157,7.50286865234375
2594.228759765625,103.01344299316406,4341.6591796875,0.051802344620227814,0.8913738131523132,7.510856628417969
2594.205322265625,103.0162353515625,4341.48095703125,0.049324601888656616,0.8910595774650574,7.5108642578125
2594.181884765625,103.01905059814453,4341.302734375,0.04882889240980148,0.8904039263725281,7.514442443847656
2594.158447265625,103.02184295654297,4341.12451171875,0.049303002655506134,0.8900623917579651,7.513893127441406
2594.135009765625,103.0246353149414,4340.9462890625,0.049501705914735794,0.889536440372467,7.517326354980469
2594.111572265625,103.02742767333984,4340.7685546875,0.05044638738036156,0.889331579208374,7.516815185546875
2594.088134765625,103.03022003173828,4340.59033203125,0.05050911381840706,0.8886963725090027,7.5203094482421875
2594.064697265625,103.03301239013672,4340.412109375,0.05009857937693596,0.8886212110519409,7.519805908203125
2594.041259765625,103.03578186035156,4340.234375,0.04989319667220116,0.8883684873580933,7.523399353027344
2594.017822265625,103.0385513305664,4340.05712890625,0.05043642222881317,0.8884983062744141,7.522941589355469
2593.994384765625,103.04129791259766,4339.88037109375,0.049607571214437485,0.8882318735122681,7.526634216308594
2593.970947265625,103.04403686523438,4339.7041015625,0.04913657531142235,0.8879655003547668,7.526237487792969
2593.947509765625,103.0467758178711,4339.52783203125,0.04848437011241913,0.8875693678855896,7.530052185058594
2593.924072265625,103.04950714111328,4339.3525390625,0.04725854471325874,0.8874396085739136,7.529792785644531
2593.900634765625,103.05225372314453,4339.17724609375,0.04658283293247223,0.887029767036438,7.5337371826171875
2593.87744140625,103.05498504638672,4339.00244140625,0.045905016362667084,0.8870502710342407,7.533447265625
2593.8544921875,103.05770874023438,4338.828125,0.0458366721868515,0.8866404891014099,7.5374603271484375
2593.831298828125,103.06041717529297,4338.65380859375,0.04606543108820915,0.8864902257919312,7.537315368652344
2593.80859375,103.0631332397461,4338.47998046875,0.04609725996851921,0.8863194584846497,7.541435241699219
2593.7861328125,103.06584930419922,4338.306640625,0.046444691717624664,0.8867633938789368,7.541328430175781
2593.763427734375,103.06856536865234,4338.13330078125,0.046414803713560104,0.887084424495697,7.545478820800781
2593.74072265625,103.07125854492188,4337.9599609375,0.04644555225968361,0.8875762224197388,7.5453643798828125
2593.7177734375,103.07398223876953,4337.7861328125,0.046574998646974564,0.887787938117981,7.549415588378906
2593.694580078125,103.07670593261719,4337.61181640625,0.046262726187705994,0.8883411884307861,7.5491790771484375
2593.67138671875,103.07942199707031,4337.43701171875,0.04566439613699913,0.8883480429649353,7.553131103515625
2593.64794921875,103.08214569091797,4337.26220703125,0.04532451182603836,0.8890174031257629,7.552833557128906
2593.62353515625,103.08487701416016,4337.08642578125,0.05006294324994087,0.8891744613647461,7.613426208496094
2593.59765625,103.08765411376953,4336.91064453125,0.05320638790726662,0.8897891640663147,7.708953857421875
2593.5712890625,103.09043884277344,4336.73388671875,0.05365225300192833,0.8903082609176636,7.830596923828125
2593.5439453125,103.09320068359375,4336.556640625,0.052099913358688354,0.8908888697624207,7.95745849609375
2593.515869140625,103.09597778320312,4336.37841796875,0.04913376644253731,0.8914011120796204,8.085136413574219
2593.487548828125,103.09890747070312,4336.19970703125,0.04692947864532471,0.8992012143135071,8.19366455078125
2593.459228515625,103.10196685791016,4336.02001953125,0.04221111536026001,0.9117072820663452,8.28607177734375
2593.431884765625,103.10511779785156,4335.83935546875,0.0335744209587574,0.9259687066078186,8.314277648925781
2593.405517578125,103.10829162597656,4335.658203125,0.02893075905740261,0.9401071667671204,8.320899963378906
2593.37890625,103.11148834228516,4335.4755859375,0.02771776169538498,0.9541022181510925,8.320404052734375
2593.352294921875,103.11470794677734,4335.29248046875,0.02729962393641472,0.9677284955978394,8.323081970214844
2593.32568359375,103.11792755126953,4335.10888671875,0.027410956099629402,0.9816552400588989,8.321952819824219
2593.29833984375,103.12117004394531,4334.92333984375,0.02740546502172947,0.9951721429824829,8.324310302734375
2593.27099609375,103.1244125366211,4334.7373046875,0.027493266388773918,1.008955478668213,8.323135375976562
2593.24365234375,103.12769317626953,4334.5498046875,0.02707977220416069,1.0229437351226807,8.325119018554688
2593.21630859375,103.13097381591797,4334.3603515625,0.02724165841937065,1.0373144149780273,8.323814392089844
2593.188232421875,103.13429260253906,4334.169921875,0.02748280018568039,1.051719307899475,8.325447082519531
2593.159912109375,103.13762664794922,4333.978515625,0.027391400188207626,1.0661925077438354,8.324050903320312
2593.1318359375,103.14098358154297,4333.78466796875,0.02729722112417221,1.080269455909729,8.325508117675781
2593.103515625,103.14436340332031,4333.59033203125,0.026947826147079468,1.094763159751892,8.32415771484375
2593.07470703125,103.14777374267578,4333.39404296875,0.027271969243884087,1.1088060140609741,8.325546264648438
2593.045654296875,103.15142059326172,4333.197265625,0.02939741313457489,1.1146526336669922,8.324371337890625
2593.016845703125,103.15536499023438,4332.99755859375,0.03384513780474663,1.1237709522247314,8.325675964355469
2592.9873046875,103.15978240966797,4332.796875,0.03581162542104721,1.1477175951004028,8.324615478515625
2592.95751953125,103.16444396972656,4332.59375,0.0355382040143013,1.1772650480270386,8.325492858886719
2592.927734375,103.16921997070312,4332.38916015625,0.034736521542072296,1.2088204622268677,8.324745178222656
2592.897216796875,103.17405700683594,4332.181640625,0.032952822744846344,1.2406765222549438,8.325111389160156
2592.86669921875,103.178955078125,4331.97119140625,0.03095773048698902,1.2726144790649414,8.325050354003906
2592.83544921875,103.18389129638672,4331.75830078125,0.028955498710274696,1.3045114278793335,8.325019836425781
2592.803955078125,103.18887329101562,4331.54345703125,0.027818284928798676,1.336599588394165,8.324966430664062
2592.771728515625,103.19390106201172,4331.3251953125,0.027516920119524002,1.3689473867416382,8.324928283691406
2592.73974609375,103.19898986816406,4331.10400390625,0.02679281122982502,1.4011244773864746,8.324897766113281
2592.706787109375,103.20413208007812,4330.88037109375,0.027322907000780106,1.433711290359497,8.324905395507812
2592.673828125,103.20932006835938,4330.654296875,0.02680179849267006,1.4665849208831787,8.324867248535156
2592.64013671875,103.21456909179688,4330.42529296875,0.027278121560811996,1.4992674589157104,8.324867248535156
2592.6064453125,103.2198715209961,4330.19384765625,0.027243418619036674,1.5326260328292847,8.3248291015625
2592.572021484375,103.22554779052734,4329.9599609375,0.030488718301057816,1.5522764921188354,8.324867248535156
2592.53759765625,103.2318115234375,4329.72314453125,0.03254937008023262,1.5595438480377197,8.324882507324219
2592.502685546875,103.23855590820312,4329.484375,0.03334595263004303,1.5718176364898682,8.32489013671875
2592.467529296875,103.24551391601562,4329.2431640625,0.0329204760491848,1.586905598640442,8.324897766113281
2592.431884765625,103.25262451171875,4329.0,0.03196461871266365,1.6032706499099731,8.32489013671875
2592.39599609375,103.25979614257812,4328.75439453125,0.03060043230652809,1.6201549768447876,8.324851989746094
2592.359375,103.26719665527344,4328.50634765625,0.030054008588194847,1.6376607418060303,8.3248291015625
2592.32275390625,103.27457427978516,4328.25634765625,0.029988810420036316,1.6543537378311157,8.323822021484375
2592.28662109375,103.28172302246094,4328.0087890625,0.02920832857489586,1.6674197912216187,8.325958251953125
2592.249755859375,103.2889633178711,4327.7578125,0.02806227095425129,1.6843997240066528,8.326576232910156
2592.21337890625,103.29610443115234,4327.50927734375,0.026759358122944832,1.6981488466262817,8.326904296875
2592.177001953125,103.30316162109375,4327.259765625,0.025446340441703796,1.7159756422042847,8.326934814453125
2592.139404296875,103.31051635742188,4327.001953125,0.023661445826292038,1.7395261526107788,8.326675415039062
2592.10205078125,103.31793975830078,4326.7451171875,0.024357754737138748,1.7520663738250732,8.326972961425781
2592.064453125,103.3256607055664,4326.48779296875,0.025175942108035088,1.7517658472061157,8.327125549316406
2592.02685546875,103.33354949951172,4326.22998046875,0.02478746324777603,1.7484463453292847,8.327278137207031
2591.98876953125,103.34153747558594,4325.97021484375,0.0248344074934721,1.7458304166793823,8.327247619628906
2591.95068359375,103.34959411621094,4325.70751953125,0.024694034829735756,1.7440340518951416,8.327743530273438
2591.91162109375,103.35773468017578,4325.4423828125,0.024668872356414795,1.7427295446395874,8.328041076660156
2591.87158203125,103.3659439086914,4325.1748046875,0.029522353783249855,1.74201238155365,8.37969970703125
2591.829345703125,103.37423706054688,4324.9033203125,0.031714312732219696,1.7420669794082642,8.481559753417969
2591.7861328125,103.38260650634766,4324.62939453125,0.03019404597580433,1.7416571378707886,8.604736328125
2591.741455078125,103.39108276367188,4324.35205078125,0.026640865951776505,1.741623044013977,8.740486145019531
2591.69580078125,103.39962005615234,4324.0732421875,0.021421827375888824,1.7401750087738037,8.879776000976562
2591.649169921875,103.40821075439453,4323.7919921875,0.015282165259122849,1.7385494709014893,9.013320922851562
2591.60302734375,103.41682434082031,4323.509765625,0.005734016187489033,1.736602783203125,9.086921691894531
2591.556884765625,103.42544555664062,4323.22705078125,-0.0016479515470564365,1.7349909543991089,9.112876892089844
2591.511474609375,103.4340591430664,4322.94384765625,-0.0038147512823343277,1.73313307762146,9.121994018554688
2591.466064453125,103.44270324707031,4322.66015625,-0.005279477685689926,1.731200098991394,9.125228881835938
2591.420654296875,103.45133209228516,4322.37744140625,-0.00552360387519002,1.729663372039795,9.126251220703125
2591.37548828125,103.4599609375,4322.0947265625,-0.005493171978741884,1.7288028001785278,9.12664794921875
2591.330078125,103.46858978271484,4321.8115234375,-0.005523812025785446,1.727839708328247,9.126853942871094
2591.28466796875,103.47722625732422,4321.52783203125,-0.005096464417874813,1.7279012203216553,9.126823425292969
2591.2392578125,103.48587799072266,4321.24365234375,-0.005096464417874813,1.7279012203216553,9.126823425292969
2591.193115234375,103.49456787109375,4320.9580078125,-0.004455631598830223,1.728987216949463,9.127052307128906
2591.14697265625,103.50328826904297,4320.67138671875,-0.005004860460758209,1.7297111749649048,9.126869201660156
2591.100830078125,103.51206970214844,4320.38232421875,-0.0051269554533064365,1.731022596359253,9.126976013183594
2591.053955078125,103.5208969116211,4320.09228515625,-0.005188136827200651,1.731726050376892,9.126869201660156
2591.007080078125,103.52978515625,4319.80029296875,-0.004638645797967911,1.7328598499298096,9.12689208984375
2590.9599609375,103.5387191772461,4319.50634765625,-0.004333550576120615,1.7335565090179443,9.126899719238281
2590.912353515625,103.54772186279297,4319.21044921875,-0.004364034626632929,1.7341029644012451,9.126968383789062
2590.86474609375,103.5567855834961,4318.91259765625,-0.00463870307430625,1.734594702720642,9.126930236816406
2590.816162109375,103.56592559814453,4318.6123046875,-0.004333446733653545,1.7349909543991089,9.126991271972656
2590.767822265625,103.57512664794922,4318.31005859375,-0.003997813910245895,1.7352640628814697,9.127029418945312
2590.71875,103.58438110351562,4318.00537109375,-0.004455593414604664,1.7353460788726807,9.126937866210938
2590.66943359375,103.59371948242188,4317.69921875,-0.004241999238729477,1.735509991645813,9.127037048339844
2590.619873046875,103.60310363769531,4317.390625,-0.00387566932477057,1.7358720302581787,9.126968383789062
2590.56982421875,103.61255645751953,4317.08056640625,-0.004364091902971268,1.7355715036392212,9.127037048339844
2590.52001953125,103.62207794189453,4316.76806640625,-0.003936741501092911,1.7356534004211426,9.126846313476562
2590.46923828125,103.63163757324219,4316.4541015625,-0.0040282439440488815,1.7354143857955933,9.127029418945312
2590.41845703125,103.6412582397461,4316.1376953125,-0.004577578976750374,1.735325574874878,9.126991271972656
2590.36767578125,103.65093231201172,4315.8203125,-0.004333393182605505,1.734786033630371,9.126930236816406
2590.31640625,103.66065979003906,4315.5009765625,-0.004333393182605505,1.734786033630371,9.126930236816406
2590.264892578125,103.67042541503906,4315.18017578125,-0.0043640355579555035,1.7343966960906982,9.126922607421875
2590.213134765625,103.68024444580078,4314.85791015625,-0.00411990424618125,1.734232783317566,9.126991271972656
2590.1611328125,103.69009399414062,4314.5341796875,-0.003967327531427145,1.7337136268615723,9.127029418945312
2590.10888671875,103.69998931884766,4314.208984375,-0.004058830440044403,1.73391854763031,9.127052307128906
2590.056396484375,103.7099380493164,4313.88232421875,-0.0041199023835361,1.7334198951721191,9.126968383789062
2590.00390625,103.72006225585938,4313.55419921875,-0.004516574554145336,1.7415410280227661,9.126991271972656
2589.9501953125,103.73043060302734,4313.22509765625,0.0010575224878266454,1.7573939561843872,9.185142517089844
2589.89453125,103.74092864990234,4312.89501953125,0.004322330001741648,1.7755895853042603,9.305488586425781
2589.83740234375,103.75147247314453,4312.564453125,0.004327016416937113,1.7933070659637451,9.457313537597656
2589.77880859375,103.76206970214844,4312.23193359375,0.0020400972571223974,1.8109904527664185,9.631393432617188
2589.71875,103.7726821899414,4311.8994140625,-0.0018921789014711976,1.8285850286483765,9.817726135253906
2589.65771484375,103.78330993652344,4311.56640625,-0.006927377078682184,1.8455989360809326,10.015586853027344
2589.5947265625,103.79393005371094,4311.23291015625,-0.01196298934519291,1.8621485233306885,10.220108032226562
2589.530517578125,103.8045883178711,4310.8984375,-0.017791742458939552,1.878377079963684,10.431716918945312
2589.46533203125,103.81554412841797,4310.5654296875,-0.027954112738370895,1.8910675048828125,10.644264221191406
2589.398681640625,103.82716369628906,4310.232421875,-0.0376892164349556,1.919276237487793,10.860694885253906
2589.330810546875,103.83909606933594,4309.900390625,-0.04531858116388321,1.952430009841919,11.076522827148438
2589.26171875,103.85114288330078,4309.56787109375,-0.05358881130814552,1.9871888160705566,11.295204162597656
2589.191162109375,103.8631820678711,4309.23681640625,-0.06073011830449104,2.0213944911956787,11.520614624023438
2589.119140625,103.87518310546875,4308.90625,-0.0677490159869194,2.0552926063537598,11.765289306640625
2589.045654296875,103.88712310791016,4308.57666015625,-0.07531747221946716,2.088972330093384,12.027572631835938
2588.969970703125,103.89903259277344,4308.2470703125,-0.08227550983428955,2.122406005859375,12.310585021972656
2588.892333984375,103.91087341308594,4307.9189453125,-0.09182729572057724,2.155040740966797,12.604934692382812
2588.81298828125,103.92292022705078,4307.59130859375,-0.10998529940843582,2.1799299716949463,12.911201477050781
2588.732421875,103.93582916259766,4307.26513671875,-0.1321716010570526,2.2034051418304443,13.222457885742188
2588.64990234375,103.94929504394531,4306.939453125,-0.14627085626125336,2.2339634895324707,13.542076110839844
2588.565673828125,103.96290588378906,4306.615234375,-0.1592102348804474,2.2658331394195557,13.863845825195312
2588.479248046875,103.97654724121094,4306.2919921875,-0.1714175045490265,2.298208236694336,14.198875427246094
2588.39111328125,103.99012756347656,4305.9697265625,-0.18438710272312164,2.3302419185638428,14.549171447753906
2588.30029296875,104.00362396240234,4305.64892578125,-0.1960141658782959,2.361271381378174,14.928497314453125
2588.20751953125,104.01702880859375,4305.32958984375,-0.20980830490589142,2.3921780586242676,15.329032897949219
2588.112060546875,104.03035736083984,4305.01123046875,-0.22335807979106903,2.4228317737579346,15.758193969726562
2588.01416015625,104.04366302490234,4304.6953125,-0.2431335300207138,2.4507946968078613,16.199607849121094
2587.9140625,104.05742645263672,4304.38134765625,-0.28628528118133545,2.4676311016082764,16.653114318847656
2587.811767578125,104.0719223022461,4304.0693359375,-0.31655892729759216,2.4908196926116943,17.109298706054688
2587.70703125,104.08670043945312,4303.759765625,-0.33831775188446045,2.518399953842163,17.578231811523438
2587.60009765625,104.1014633178711,4303.4521484375,-0.35891738533973694,2.5461578369140625,18.05670928955078
2587.490478515625,104.11614227294922,4303.14794921875,-0.37823495268821716,2.5738472938537598,18.56378936767578
2587.37890625,104.13066864013672,4302.84619140625,-0.40093994140625,2.599890947341919,19.084030151367188
2587.264892578125,104.1449966430664,4302.5478515625,-0.4225769639015198,2.625777244567871,19.6195068359375
2587.148681640625,104.15916442871094,4302.25244140625,-0.4476013779640198,2.6512675285339355,20.155982971191406
2587.03076171875,104.17317199707031,4301.96044921875,-0.4714352786540985,2.6756718158721924,20.704757690429688
2586.910888671875,104.18708801269531,4301.6728515625,-0.5038451552391052,2.694140672683716,21.256065368652344
2586.788818359375,104.2013168334961,4301.3896484375,-0.56365966796875,2.7057929039001465,21.822158813476562
2586.6650390625,104.21591186523438,4301.111328125,-0.6105955839157104,2.7177867889404297,22.393173217773438
2586.53955078125,104.23065948486328,4300.83642578125,-0.6415708065032959,2.735210657119751,22.97821807861328
2586.412353515625,104.24529266357422,4300.56591796875,-0.6719052791595459,2.752962350845337,23.560401916503906
2586.283447265625,104.25973510742188,4300.30029296875,-0.6989744901657104,2.770850419998169,24.160011291503906
2586.152587890625,104.27392578125,4300.0390625,-0.7279053330421448,2.787755250930786,24.780914306640625
2586.01953125,104.28784942626953,4299.783203125,-0.7554929256439209,2.8030412197113037,25.454627990722656
2585.884521484375,104.30152893066406,4299.5322265625,-0.7860718369483948,2.8171660900115967,26.16168975830078
2585.746826171875,104.31494140625,4299.28564453125,-0.816925048828125,2.8300068378448486,26.910484313964844
2585.607177734375,104.32808685302734,4299.044921875,-0.8569337129592896,2.842738151550293,27.678115844726562
2585.4658203125,104.34125518798828,4298.80908203125,-0.92401123046875,2.8546500205993652,28.48253631591797
2585.32177734375,104.35443115234375,4298.57958984375,-1.0024412870407104,2.8624842166900635,29.31334686279297
2585.175048828125,104.36767578125,4298.35546875,-1.0541685819625854,2.865530490875244,30.209571838378906
2585.0263671875,104.38080596923828,4298.1376953125,-1.1015316247940063,2.8642327785491943,31.139419555664062
2584.874755859375,104.39370727539062,4297.92578125,-1.1474910974502563,2.8611934185028076,32.118080139160156
2584.721923828125,104.40628051757812,4297.7197265625,-1.196075439453125,2.855578899383545,33.10472869873047
2584.56640625,104.41854095458984,4297.51953125,-1.2452696561813354,2.8485779762268066,34.117889404296875
2584.40869140625,104.43048858642578,4297.32421875,-1.2953492403030396,2.8424718379974365,35.122962951660156
2584.245361328125,104.44205474853516,4297.13134765625,-1.297759771347046,2.818941831588745,36.138999938964844
2584.07958984375,104.4522933959961,4296.94287109375,-1.1795045137405396,2.7433862686157227,37.13060760498047
2583.91064453125,104.4620590209961,4296.755859375,-1.0434261560440063,2.6601195335388184,38.06292724609375
2583.7412109375,104.47166442871094,4296.5703125,-0.9241635203361511,2.568991184234619,38.93003845214844
2583.5712890625,104.4803466796875,4296.3876953125,-0.9311218857765198,2.4280433654785156,39.659759521484375
2583.3994140625,104.48834991455078,4296.20654296875,-0.9913634061813354,2.2660586833953857,40.36836242675781
2583.22509765625,104.49617004394531,4296.0263671875,-1.0519715547561646,2.097878932952881,41.05499267578125
2583.04833984375,104.50411224365234,4295.84765625,-1.106323003768921,1.9274792671203613,41.752655029296875
2582.870361328125,104.51190185546875,4295.671875,-1.1537474393844604,1.7600644826889038,42.403411865234375
2582.688720703125,104.51982116699219,4295.49755859375,-1.1880186796188354,1.5985169410705566,43.09785461425781
2582.503173828125,104.5279541015625,4295.32470703125,-1.211090326309204,1.4430959224700928,43.81500244140625
2582.31689453125,104.53599548339844,4295.15478515625,-1.233642578125,1.2880370616912842,44.59794616699219
2582.1259765625,104.54299926757812,4294.98583984375,-1.3270262479782104,1.1114014387130737,45.37652587890625
2581.931396484375,104.54601287841797,4294.818359375,-1.2764586210250854,0.8583771586418152,46.148529052734375
2581.73486328125,104.54646301269531,4294.654296875,-1.121062994003296,0.5555948615074158,46.852752685546875
2581.534423828125,104.54629516601562,4294.48974609375,-0.9793396592140198,0.25010785460472107,47.56187438964844
2581.33203125,104.54576873779297,4294.32666015625,-0.841217041015625,-0.05139033868908882,48.225006103515625
2581.12646484375,104.54402160644531,4294.1640625,-0.7703857421875,-0.30212655663490295,48.91175842285156
2580.91796875,104.54176330566406,4294.00244140625,-0.7406005859375,-0.5282331705093384,49.55638122558594
2580.7041015625,104.53953552246094,4293.84130859375,-0.7166138291358948,-0.7455356121063232,50.23631286621094
2580.48828125,104.5374984741211,4293.681640625,-0.7182006239891052,-0.9586169719696045,50.88658142089844
2580.26806640625,104.53571319580078,4293.52294921875,-0.7354125380516052,-1.1686384677886963,51.56748962402344
2580.044677734375,104.5340576171875,4293.3662109375,-0.72625732421875,-1.3803402185440063,52.21958923339844
2579.817626953125,104.53257751464844,4293.2099609375,-0.7010803818702698,-1.6047391891479492,52.90632629394531
2579.5859375,104.52779388427734,4293.0546875,-0.6501770615577698,-1.6756502389907837,53.55943298339844
2579.349853515625,104.52017974853516,4292.89990234375,-0.590911865234375,-1.6452627182006836,54.23133850097656
2579.111328125,104.51193237304688,4292.74658203125,-0.550201416015625,-1.6095271110534668,54.85054016113281
2578.86767578125,104.50333404541016,4292.5927734375,-0.4985656142234802,-1.5564838647842407,55.45973205566406
2578.62158203125,104.49470520019531,4292.4404296875,-0.454254150390625,-1.511076807975769,56.01332092285156
2578.37109375,104.48625946044922,4292.28759765625,-0.4023742377758026,-1.471215844154358,56.58747863769531
2578.1181640625,104.4782485961914,4292.13623046875,-0.34622183442115784,-1.4416205883026123,57.12347412109375
2577.86083984375,104.47056579589844,4291.98583984375,-0.3189697563648224,-1.4094231128692627,57.697418212890625
2577.599853515625,104.46294403076172,4291.83740234375,-0.2915649116039276,-1.3821091651916504,58.26762390136719
2577.33544921875,104.45536041259766,4291.69091796875,-0.2376098334789276,-1.347404956817627,58.887298583984375
2577.068115234375,104.44808197021484,4291.54541015625,-0.19577030837535858,-1.3118948936462402,59.460601806640625
2576.7978515625,104.44094848632812,4291.3984375,-0.18600459396839142,-1.2782902717590332,59.907989501953125
2576.526611328125,104.43395233154297,4291.25,-0.18118280172348022,-1.2486268281936646,60.1553955078125
2576.254150390625,104.42725372314453,4291.09814453125,-0.171966552734375,-1.2143187522888184,60.271209716796875
2575.9814453125,104.42068481445312,4290.94482421875,-0.1772461086511612,-1.174772024154663,60.25892639160156
2575.7060546875,104.41404724121094,4290.78857421875,-0.16668701171875,-1.136263370513916,60.24183654785156
2575.4296875,104.40771484375,4290.6318359375,-0.1340331733226776,-1.0975362062454224,60.18486022949219
2575.151611328125,104.40169525146484,4290.47314453125,-0.1218261569738388,-1.0566097497940063,60.1556396484375
2574.87353515625,104.39566040039062,4290.31103515625,-0.133544921875,-1.0164482593536377,59.95445251464844
2574.595947265625,104.38985443115234,4290.1435546875,-0.1323852390050888,-0.9742103219032288,59.59283447265625
2574.321044921875,104.38449096679688,4289.970703125,-0.1552734375,-0.9338370561599731,58.99308776855469
2574.04833984375,104.37909698486328,4289.79052734375,-0.1876831352710724,-0.8897687196731567,58.22856140136719
2573.7783203125,104.37397003173828,4289.6044921875,-0.19158931076526642,-0.8481113910675049,57.32511901855469
2573.510009765625,104.36922454833984,4289.41162109375,-0.19866943359375,-0.8044664859771729,56.396087646484375
2573.244384765625,104.36455535888672,4289.21435546875,-0.2092284858226776,-0.7603434324264526,55.4287109375
2572.979736328125,104.360107421875,4289.01171875,-0.1927490234375,-0.7159745693206787,54.52764892578125
2572.715576171875,104.35606384277344,4288.80712890625,-0.16491693258285522,-0.6722681522369385,53.771209716796875
2572.450439453125,104.35210418701172,4288.6005859375,-0.14553827047348022,-0.625638484954834,53.22216796875
2572.184814453125,104.34840393066406,4288.3935546875,-0.10769655555486679,-0.5825468301773071,52.79823303222656
2571.918212890625,104.34497833251953,4288.18505859375,-0.0800476148724556,-0.5407392382621765,52.511749267578125
2571.651611328125,104.34164428710938,4287.97607421875,-0.07116695493459702,-0.502927303314209,52.2423095703125
2571.384521484375,104.33840942382812,4287.7646484375,-0.06127927824854851,-0.4699374735355377,52.009063720703125
2571.119384765625,104.33538055419922,4287.55126953125,-0.061737049371004105,-0.44567665457725525,51.68717956542969
2570.854736328125,104.33242797851562,4287.33447265625,-0.066253662109375,-0.4205279052257538,51.31916809082031
2570.592529296875,104.32963562011719,4287.115234375,-0.06463620066642761,-0.4033772945404053,50.864501953125
2570.330810546875,104.32698059082031,4286.8916015625,-0.0706787034869194,-0.3950513005256653,50.38969421386719
2570.071533203125,104.32440185546875,4286.6650390625,-0.07855222374200821,-0.39080291986465454,49.85249328613281
2569.8125,104.32196044921875,4286.4345703125,-0.0727844163775444,-0.38821426033973694,49.32618713378906
2569.5556640625,104.31962585449219,4286.2021484375,-0.0673828050494194,-0.3893139362335205,48.758697509765625
2569.2998046875,104.31725311279297,4285.96435546875,-0.07009889930486679,-0.39019501209259033,48.21148681640625
2569.04541015625,104.3148422241211,4285.72412109375,-0.0711364671587944,-0.3912673592567444,47.629486083984375
2568.7919921875,104.31244659423828,4285.47900390625,-0.0691528394818306,-0.3933095932006836,47.07318115234375
2568.5400390625,104.30999755859375,4285.23095703125,-0.0691528469324112,-0.3980087637901306,46.47239685058594
2568.2900390625,104.3074951171875,4284.97802734375,-0.07464599609375,-0.3987669050693512,45.873321533203125
2568.042236328125,104.30498504638672,4284.72216796875,-0.0774536207318306,-0.39727792143821716,45.2139892578125
2567.79638671875,104.302490234375,4284.46142578125,-0.0784912109375,-0.39580944180488586,44.5526123046875
2567.55322265625,104.29999542236328,4284.19677734375,-0.0801086500287056,-0.3992313742637634,43.83338928222656
2567.3125,104.29747772216797,4283.92724609375,-0.0805358961224556,-0.39864397048950195,43.12126159667969
2567.07421875,104.29490661621094,4283.654296875,-0.08410646766424179,-0.4003651738166809,42.367034912109375
2566.8388671875,104.29230499267578,4283.37646484375,-0.0885009765625,-0.4017243981361389,41.62901306152344
2566.606201171875,104.28970336914062,4283.0947265625,-0.0917968824505806,-0.4001193046569824,40.85023498535156
2566.377197265625,104.28717803955078,4282.8076171875,-0.0968627780675888,-0.3923943340778351,40.062469482421875
2566.15234375,104.28482818603516,4282.5166015625,-0.1083679050207138,-0.3834536373615265,39.19081115722656
2565.931396484375,104.28266143798828,4282.220703125,-0.1189269945025444,-0.36474573612213135,38.292877197265625
2565.7158203125,104.2807388305664,4281.91943359375,-0.1280212104320526,-0.33428993821144104,37.32372283935547
2565.5048828125,104.27902221679688,4281.6142578125,-0.1384887546300888,-0.29553544521331787,36.34777069091797
2565.29931640625,104.27750396728516,4281.30419921875,-0.14776611328125,-0.2473689466714859,35.319358825683594
2565.098876953125,104.27620697021484,4280.98974609375,-0.1555176079273224,-0.18654611706733704,34.30491638183594
2564.904541015625,104.27518463134766,4280.67138671875,-0.1629943698644638,-0.12185056507587433,33.23200225830078
2564.716552734375,104.27446746826172,4280.34765625,-0.1725463569164276,-0.05193675681948662,32.124305725097656
2564.537841796875,104.274169921875,4280.02001953125,-0.1921081244945526,0.021713169291615486,30.837867736816406
2564.368896484375,104.27428436279297,4279.68701171875,-0.2135314792394638,0.0938263013958931,29.452377319335938
2564.209716796875,104.27494812011719,4279.35107421875,-0.22064204514026642,0.16245603561401367,27.98993682861328
2564.0595703125,104.27609252929688,4279.01220703125,-0.2202453315258026,0.23452135920524597,26.54010009765625
2563.9189453125,104.27767944335938,4278.67138671875,-0.22277826070785522,0.3030281662940979,25.057151794433594
2563.7880859375,104.27978515625,4278.3291015625,-0.215911865234375,0.3729556202888489,23.606971740722656
2563.6669921875,104.28236389160156,4277.9853515625,-0.2011413276195526,0.44485703110694885,22.13214111328125
2563.5556640625,104.28526306152344,4277.640625,-0.1976928412914276,0.5107751488685608,20.69549560546875
2563.453857421875,104.2886962890625,4277.296875,-0.1858215630054474,0.5811534523963928,19.23656463623047
2563.36181640625,104.29241180419922,4276.953125,-0.1728515923023224,0.6494894623756409,17.817703247070312
2563.279052734375,104.29652404785156,4276.61083984375,-0.1563720405101776,0.7143421173095703,16.378250122070312
2563.20556640625,104.30105590820312,4276.2685546875,-0.1311950832605362,0.7820429801940918,14.978416442871094
2563.14111328125,104.30601501464844,4275.9287109375,-0.1086425855755806,0.8550713062286377,13.555824279785156
2563.08544921875,104.31146240234375,4275.5888671875,-0.09024053812026978,0.9289125204086304,12.193984985351562
2563.03173828125,104.31725311279297,4275.251953125,-0.01165779959410429,0.9962035417556763,11.140083312988281
2562.975341796875,104.32329559326172,4274.9169921875,0.0633728876709938,1.06902015209198,10.602241516113281
2562.920166015625,104.32755279541016,4274.583984375,-0.1953430026769638,1.0156422853469849,10.277458190917969
2562.8642578125,104.3292236328125,4274.251953125,-0.794708251953125,0.8393892049789429,10.129226684570312
2562.803955078125,104.33354187011719,4273.92236328125,-0.9685364365577698,0.8455022573471069,10.062553405761719
2562.74365234375,104.34000396728516,4273.59228515625,-0.977294921875,0.9086132049560547,10.050148010253906
2562.68359375,104.34777069091797,4273.26416015625,-0.9883115887641907,0.9888474345207214,10.018501281738281
2562.62548828125,104.35626983642578,4272.93505859375,-0.9924618601799011,1.0575796365737915,9.9521484375
2562.56982421875,104.36701202392578,4272.60693359375,-0.743072509765625,1.2251241207122803,9.686683654785156
2562.51904296875,104.38124084472656,4272.27783203125,-0.17486572265625,1.524750828742981,9.283805847167969
2562.476318359375,104.39360046386719,4271.947265625,-0.018798815086483955,1.6667436361312866,8.745315551757812
2562.44091796875,104.4012451171875,4271.61474609375,-0.26309213042259216,1.885398507118225,8.020790100097656
2562.411865234375,104.40553283691406,4271.28125,-0.7236327528953552,2.18623423576355,7.119056701660156
2562.38720703125,104.4137191772461,4270.94921875,-0.8316343426704407,2.281528949737549,6.1329345703125
2562.368896484375,104.42378997802734,4270.619140625,-0.8148803114891052,2.31361722946167,5.047264099121094
2562.358154296875,104.4349365234375,4270.28759765625,-0.7745360136032104,2.3177905082702637,3.9213485717773438
2562.354736328125,104.4464340209961,4269.9560546875,-0.7141723036766052,2.31398606300354,2.7378616333007812
2562.357666015625,104.46180725097656,4269.6259765625,-0.3637085258960724,2.161153793334961,1.5759201049804688
2562.36865234375,104.47759246826172,4269.296875,-0.0832214280962944,2.0359835624694824,0.36429595947265625
2562.388916015625,104.49098205566406,4268.96435546875,-0.0281068105250597,2.037220001220703,-0.85955810546875
2562.417236328125,104.50366973876953,4268.6337890625,-0.036621157079935074,2.071575880050659,-2.1640625
2562.4541015625,104.51595306396484,4268.30322265625,-0.02612309902906418,2.102250099182129,-3.503692626953125
2562.498779296875,104.52830505371094,4267.9736328125,-0.019378580152988434,2.130404233932495,-4.8787994384765625
2562.552001953125,104.54084777832031,4267.64404296875,-0.022644126787781715,2.18456768989563,-6.247505187988281
2562.61279296875,104.55353546142578,4267.31689453125,-0.00747691560536623,2.227461099624634,-7.6333160400390625
2562.681884765625,104.56633758544922,4266.990234375,0.01440167985856533,2.2830862998962402,-9.007110595703125
2562.75830078125,104.5791015625,4266.66552734375,0.0635627880692482,2.326068639755249,-10.395156860351562
2562.84326171875,104.59249877929688,4266.341796875,0.08596782386302948,2.372431993484497,-11.769981384277344
2562.93603515625,104.60623931884766,4266.02099609375,0.0994645357131958,2.428009271621704,-13.1614990234375
2563.036865234375,104.62027740478516,4265.70166015625,0.12151411175727844,2.4568052291870117,-14.536239624023438
2563.144287109375,104.6344985961914,4265.38525390625,0.1540527194738388,2.4998695850372314,-15.930610656738281
2563.26025390625,104.64904022216797,4265.0703125,0.18020200729370117,2.5634381771087646,-17.310142517089844
2563.38330078125,104.66372680664062,4264.76025390625,0.2152845710515976,2.5960659980773926,-18.700050354003906
2563.51416015625,104.67881774902344,4264.45166015625,0.25198179483413696,2.636671543121338,-20.077171325683594
2563.646240234375,104.69437408447266,4264.14404296875,0.29182472825050354,2.6954314708709717,-21.12542724609375
2563.77392578125,104.70989227294922,4263.83349609375,0.3472752273082733,2.7477781772613525,-21.56316375732422
2563.8994140625,104.72574615478516,4263.52294921875,0.38653913140296936,2.800008535385132,-21.766586303710938
2564.02490234375,104.74221801757812,4263.2119140625,0.3548259735107422,2.8460850715637207,-21.854660034179688
2564.149658203125,104.75907897949219,4262.9013671875,0.33089888095855713,2.9210872650146484,-21.930450439453125
2564.27783203125,104.77622985839844,4262.59130859375,0.2891298532485962,2.980236768722534,-22.143211364746094
2564.412353515625,104.79377746582031,4262.287109375,0.21996669471263885,3.02940034866333,-22.717506408691406
2564.553466796875,104.81119537353516,4261.98486328125,0.19272828102111816,3.0881333351135254,-23.472198486328125
2564.698974609375,104.8288345336914,4261.68701171875,0.19098025560379028,3.132720708847046,-24.319931030273438
2564.849853515625,104.84674835205078,4261.390625,0.1754084974527359,3.1631150245666504,-25.17578125
2564.99951171875,104.86481475830078,4261.095703125,0.1923896223306656,3.2189109325408936,-25.77056121826172
2565.146728515625,104.88339233398438,4260.7978515625,0.21132291853427887,3.285799026489258,-25.99810028076172
2565.295654296875,104.90248107910156,4260.5029296875,0.17366278171539307,3.354722261428833,-26.32012176513672
2565.453857421875,104.92170715332031,4260.21435546875,0.12532548606395721,3.3757457733154297,-27.100204467773438
2565.62060546875,104.941162109375,4259.93408203125,0.08961702138185501,3.4205379486083984,-28.25680923461914
2565.794677734375,104.96087646484375,4259.6591796875,0.10304747521877289,3.483785629272461,-29.50426483154297
2565.971923828125,104.98027801513672,4259.38720703125,0.1340995877981186,3.509467124938965,-30.651710510253906
2566.148193359375,104.99978637695312,4259.11376953125,0.15431739389896393,3.5513975620269775,-31.35079574584961
2566.320068359375,105.01956939697266,4258.83935546875,0.19854126870632172,3.6185383796691895,-31.645221710205078
2566.491455078125,105.0395278930664,4258.56396484375,0.1710360050201416,3.6451351642608643,-31.764293670654297
2566.661376953125,105.05941772460938,4258.2900390625,0.1296839863061905,3.6488986015319824,-31.851001739501953
2566.831298828125,105.08019256591797,4258.0166015625,0.10171279311180115,3.667804479598999,-31.89419174194336
2567.00244140625,105.1005630493164,4257.7451171875,0.034512490034103394,3.6962523460388184,-32.07884979248047
2567.17919921875,105.12103271484375,4257.4775390625,-0.016662603244185448,3.7051656246185303,-32.52092361450195
2567.361083984375,105.14178466796875,4257.21728515625,-0.06072983518242836,3.6880834102630615,-33.29952621459961
2567.5498046875,105.16224670410156,4256.9619140625,-0.09439079463481903,3.7024405002593994,-34.25691223144531
2567.740234375,105.18209075927734,4256.70947265625,-0.09414669126272202,3.7029049396514893,-35.15147018432617
2567.9296875,105.20252990722656,4256.45654296875,-0.07867437601089478,3.6784732341766357,-35.65576934814453
2568.114990234375,105.22311401367188,4256.2021484375,-0.07263186573982239,3.688055992126465,-35.875850677490234
2568.298828125,105.24325561523438,4255.9462890625,-0.09899898618459702,3.7180542945861816,-35.86574935913086
2568.478759765625,105.2633285522461,4255.6904296875,-0.13836678862571716,3.7007534503936768,-35.73016357421875
2568.656494140625,105.2839126586914,4255.43310546875,-0.17416368424892426,3.6887664794921875,-35.47568130493164
2568.831298828125,105.30350494384766,4255.17626953125,-0.23879994451999664,3.662367820739746,-35.19535446166992
2569.004638671875,105.32317352294922,4254.9169921875,-0.3325805068016052,3.6322669982910156,-34.86186218261719
2569.17529296875,105.34261322021484,4254.658203125,-0.40945419669151306,3.6145496368408203,-34.55119323730469
2569.34521484375,105.3622817993164,4254.3984375,-0.47372424602508545,3.6017839908599854,-34.24412536621094
2569.513671875,105.3813247680664,4254.13916015625,-0.5892028212547302,3.6002676486968994,-33.99791717529297
2569.681396484375,105.40095520019531,4253.87890625,-0.6640319228172302,3.601749897003174,-33.7707633972168
2569.847900390625,105.42081451416016,4253.61962890625,-0.6732481122016907,3.566779136657715,-33.59263610839844
2570.013916015625,105.43971252441406,4253.359375,-0.7067566514015198,3.524479866027832,-33.39385223388672
2570.178466796875,105.4583969116211,4253.10009765625,-0.795440673828125,3.494795799255371,-33.2209358215332
2570.342041015625,105.47698211669922,4252.83935546875,-0.8486632704734802,3.455699920654297,-33.02067947387695
2570.504150390625,105.49498748779297,4252.5791015625,-0.885955810546875,3.4499351978302,-32.845848083496094
2570.665771484375,105.51314544677734,4252.318359375,-0.9806519150733948,3.4333925247192383,-32.64461135864258
2570.824951171875,105.5309066772461,4252.05810546875,-1.009735345840454,3.3964478969573975,-32.443843841552734
2570.98095703125,105.54904174804688,4251.79541015625,-1.064971923828125,3.3661491870880127,-32.08053207397461
2571.13232421875,105.56682586669922,4251.5322265625,-1.1567991971969604,3.3292183876037598,-31.614856719970703
2571.28076171875,105.5848388671875,4251.26708984375,-1.2261351346969604,3.2737436294555664,-31.067424774169922
2571.425048828125,105.60182189941406,4251.001953125,-1.231414794921875,3.2224488258361816,-30.530433654785156
2571.567138671875,105.61813354492188,4250.73388671875,-1.278747320175171,3.189588785171509,-29.930374145507812
2571.70458984375,105.63433074951172,4250.46484375,-1.3468934297561646,3.1362998485565186,-29.313472747802734
2571.838623046875,105.64983367919922,4250.19384765625,-1.3924866914749146,3.0822319984436035,-28.628814697265625
2571.96875,105.66514587402344,4249.9228515625,-1.453216314315796,3.0014102458953857,-27.980384826660156
2572.09912109375,105.68045806884766,4249.650390625,-1.513763189315796,2.9368515014648438,-27.45275115966797
2572.228271484375,105.69539642333984,4249.37841796875,-1.556243896484375,2.89387583732605,-27.063579559326172
2572.357177734375,105.710693359375,4249.10595703125,-1.601043701171875,2.8315844535827637,-26.732467651367188
2572.485107421875,105.72563171386719,4248.83447265625,-1.6361082792282104,2.7734322547912598,-26.48516082763672
2572.61279296875,105.74019622802734,4248.5615234375,-1.697845220565796,2.7076849937438965,-26.237228393554688
2572.73828125,105.75418853759766,4248.2890625,-1.7174681425094604,2.6620523929595947,-26.000316619873047
2572.863525390625,105.76942443847656,4248.015625,-1.9209589958190918,2.6930477619171143,-25.711837768554688
2572.9853515625,105.7896728515625,4247.7451171875,-2.479217767715454,2.9869234561920166,-25.401161193847656
2573.095703125,105.81333923339844,4247.4697265625,-2.08642578125,3.4332900047302246,-24.77356719970703
2573.1962890625,105.83743286132812,4247.19482421875,-1.4324339628219604,3.8876888751983643,-23.789108276367188
2573.289794921875,105.85986328125,4246.92041015625,-0.5938720107078552,4.243514537811279,-22.667373657226562
2573.380126953125,105.87821197509766,4246.6474609375,-0.12277253717184067,4.395827770233154,-21.55065155029297
2573.46630859375,105.89234161376953,4246.3740234375,0.007254509255290031,4.395697593688965,-20.44500732421875
2573.54638671875,105.9039306640625,4246.1005859375,0.004800873342901468,4.339745044708252,-19.330902099609375
2573.619873046875,105.91439056396484,4245.82568359375,-0.04162575677037239,4.284789085388184,-18.212669372558594
2573.68701171875,105.9241943359375,4245.5498046875,-0.11270130425691605,4.248042583465576,-17.087814331054688
2573.749267578125,105.9342269897461,4245.2734375,-0.35028064250946045,4.135153293609619,-15.985633850097656
2573.805908203125,105.9493408203125,4245.001953125,-1.147948980331421,3.7156295776367188,-14.940216064453125
2573.85498046875,105.96408081054688,4244.72802734375,-1.7526551485061646,3.314997911453247,-13.856109619140625
2573.894287109375,105.98045349121094,4244.45458984375,-1.592437744140625,2.721160888671875,-12.779548645019531
2573.928955078125,105.99652099609375,4244.1806640625,-1.0991209745407104,2.1283345222473145,-11.694595336914062
2573.963134765625,106.01172637939453,4243.90576171875,-0.4784545600414276,1.5777735710144043,-10.787742614746094
2574.0009765625,106.026611328125,4243.63232421875,0.15870101749897003,1.0657280683517456,-10.198074340820312
2574.042236328125,106.03800201416016,4243.3564453125,0.5259260535240173,0.7194852828979492,-9.765396118164062
2574.08544921875,106.04549407958984,4243.07861328125,0.5958420038223267,0.53913414478302,-9.414657592773438
2574.12744140625,106.05136108398438,4242.80029296875,0.5831441283226013,0.4077759385108948,-9.107200622558594
2574.165771484375,106.05682373046875,4242.52197265625,0.5685425400733948,0.2835962772369385,-8.719581604003906
2574.19970703125,106.06106567382812,4242.24169921875,0.4717755615711212,0.2240711748600006,-8.189949035644531
2574.22900390625,106.06452178955078,4241.9609375,0.3350871205329895,0.2102263867855072,-7.583038330078125
2574.253173828125,106.06666564941406,4241.67822265625,0.3134794533252716,0.28889650106430054,-6.888557434082031
2574.271484375,106.06834411621094,4241.3935546875,0.3293684720993042,0.40934687852859497,-6.094276428222656
2574.28466796875,106.07022094726562,4241.10693359375,0.32575303316116333,0.5437103509902954,-5.212738037109375
2574.29296875,106.07249450683594,4240.81787109375,0.3270481824874878,0.6708884835243225,-4.317962646484375
2574.299560546875,106.07530975341797,4240.525390625,0.3302772045135498,0.7813872694969177,-3.546844482421875
2574.3046875,106.07876586914062,4240.22998046875,0.31545695662498474,0.8697972297668457,-2.9111404418945312
2574.308837890625,106.0826644897461,4239.9306640625,0.2952980399131775,0.9484673142433167,-2.3606719970703125
2574.31103515625,106.08705139160156,4239.6279296875,0.3234013617038727,1.0401557683944702,-1.8649444580078125
2574.310791015625,106.09212493896484,4239.3212890625,0.3487173318862915,1.1485645771026611,-1.34637451171875
2574.306396484375,106.09799194335938,4239.01123046875,0.3683348596096039,1.2579704523086548,-0.7698822021484375
2574.297607421875,106.10477447509766,4238.69775390625,0.3958345353603363,1.3465580940246582,-0.09783935546875
2574.28369140625,106.11249542236328,4238.38134765625,0.41719454526901245,1.4198118448257446,0.6338424682617188
2574.26611328125,106.1208267211914,4238.0615234375,0.40831416845321655,1.492020606994629,1.3780441284179688
2574.2470703125,106.12940216064453,4237.73779296875,0.3765946626663208,1.5645982027053833,1.9597091674804688
2574.228271484375,106.13809204101562,4237.41015625,0.3413967788219452,1.637264609336853,2.3675079345703125
2574.208740234375,106.14681243896484,4237.07861328125,0.3190162479877472,1.7100539207458496,2.6750564575195312
2574.187255859375,106.15573120117188,4236.7431640625,0.31950658559799194,1.7771331071853638,2.9798812866210938
2574.161376953125,106.1654281616211,4236.40576171875,0.3458648920059204,1.814576268196106,3.4204788208007812
2574.129638671875,106.17578125,4236.064453125,0.3498322069644928,1.834124207496643,4.024627685546875
2574.092529296875,106.1864242553711,4235.72119140625,0.34229955077171326,1.8507763147354126,4.71075439453125
2574.049560546875,106.1974105834961,4235.37451171875,0.34011927247047424,1.859054446220398,5.464744567871094
2574.00146484375,106.20877075195312,4235.02587890625,0.32915550470352173,1.8586241006851196,6.2666778564453125
2573.947021484375,106.22029113769531,4234.67431640625,0.30967962741851807,1.8558647632598877,7.1102294921875
2573.889404296875,106.23191833496094,4234.31982421875,0.27373749017715454,1.8532556295394897,7.83306884765625
2573.830322265625,106.2436294555664,4233.9609375,0.23435594141483307,1.8510358333587646,8.380508422851562
2573.769775390625,106.25541687011719,4233.599609375,0.20384562015533447,1.849266767501831,8.795196533203125
2573.707275390625,106.26729583740234,4233.234375,0.18155643343925476,1.847723126411438,9.138420104980469
2573.642333984375,106.27923583984375,4232.86669921875,0.1681554764509201,1.846029281616211,9.450721740722656
2573.57470703125,106.291259765625,4232.4951171875,0.1612388789653778,1.8441919088363647,9.787322998046875
2573.50341796875,106.30339813232422,4232.12158203125,0.159455344080925,1.8419721126556396,10.167343139648438
2573.428466796875,106.31563568115234,4231.7451171875,0.15452635288238525,1.8401075601577759,10.589973449707031
2573.349853515625,106.32795715332031,4231.36572265625,0.14461329579353333,1.8398616313934326,11.024368286132812
2573.267333984375,106.34040069580078,4230.984375,0.13151422142982483,1.8398889303207397,11.468704223632812
2573.181640625,106.35294342041016,4230.60009765625,0.11821314692497253,1.8397387266159058,11.910362243652344
2573.09228515625,106.3656005859375,4230.212890625,0.10437285900115967,1.8403397798538208,12.352767944335938
2572.99951171875,106.37833404541016,4229.8232421875,0.09001201391220093,1.8415623903274536,12.759223937988281
2572.905029296875,106.39118194580078,4229.4306640625,0.07623390853404999,1.8434133529663086,13.100822448730469
2572.80859375,106.40410614013672,4229.03515625,0.06530363112688065,1.8448271751403809,13.360855102539062
2572.71044921875,106.4171371459961,4228.63720703125,0.056227780878543854,1.8447110652923584,13.583839416503906
2572.609375,106.43028259277344,4228.236328125,0.05168265476822853,1.844779372215271,13.832893371582031
2572.5048828125,106.44354248046875,4227.83251953125,0.04729197546839714,1.844437837600708,14.134605407714844
2572.3974609375,106.45690155029297,4227.42724609375,0.037630416452884674,1.8444037437438965,14.429908752441406
2572.288330078125,106.47039031982422,4227.0185546875,0.024389415979385376,1.8440827131271362,14.682785034179688
2572.177978515625,106.48395538330078,4226.60693359375,0.008540928363800049,1.8433040380477905,14.822525024414062
2572.067626953125,106.49763488769531,4226.19189453125,-0.0007935661706142128,1.842894196510315,14.884414672851562
2571.956298828125,106.51140594482422,4225.7744140625,-0.005523571744561195,1.8432016372680664,14.907493591308594
2571.84423828125,106.52526092529297,4225.353515625,-0.00912483874708414,1.8433791399002075,14.920295715332031
2571.7314453125,106.53921508789062,4224.9296875,-0.01055912021547556,1.843345046043396,14.922805786132812
2571.61767578125,106.55327606201172,4224.5029296875,-0.012786859646439552,1.8431264162063599,14.926902770996094
2571.503173828125,106.56743621826172,4224.0732421875,-0.012420663610100746,1.8424570560455322,14.925674438476562
2571.389892578125,106.58168029785156,4223.64013671875,-0.017364483326673508,1.8421087265014648,14.826438903808594
2571.2783203125,106.59602355957031,4223.203125,-0.024078400805592537,1.842170238494873,14.605522155761719
2571.16943359375,106.61046600341797,4222.76220703125,-0.028106611222028732,1.8420746326446533,14.2939453125
2571.0634765625,106.62498474121094,4222.31884765625,-0.02838134579360485,1.841951608657837,13.898551940917969
2570.95654296875,106.63961029052734,4221.8720703125,-0.007965072989463806,1.8416852951049805,13.639694213867188
2570.8486328125,106.65432739257812,4221.4228515625,0.01058639120310545,1.8415827751159668,13.524375915527344
2570.739990234375,106.66909790039062,4220.970703125,0.026235388591885567,1.841227650642395,13.476875305175781
2570.630859375,106.6839828491211,4220.51513671875,0.039997804909944534,1.841261863708496,13.453315734863281
2570.521240234375,106.69898223876953,4220.05712890625,0.04589712619781494,1.8416852951049805,13.445632934570312
2570.4111328125,106.71407318115234,4219.5966796875,0.04801194742321968,1.841494083404541,13.43939208984375
2570.300048828125,106.72923278808594,4219.1328125,0.04867994785308838,1.841644287109375,13.4390869140625
2570.188720703125,106.74449920654297,4218.66650390625,0.04977237060666084,1.841227650642395,13.436164855957031
2570.07666015625,106.75981903076172,4218.197265625,0.05349695309996605,1.840933918952942,13.437492370605469
2569.9638671875,106.77523040771484,4217.72509765625,0.061717286705970764,1.8395543098449707,13.435310363769531
2569.8505859375,106.79074096679688,4217.2509765625,0.06960344314575195,1.8381540775299072,13.437034606933594
2569.73388671875,106.80633544921875,4216.77392578125,0.08701524138450623,1.836583137512207,13.583106994628906
2569.60986328125,106.8219985961914,4216.296875,0.11224989593029022,1.8360639810562134,14.048667907714844
2569.477294921875,106.83778381347656,4215.8193359375,0.12398683279752731,1.8363919258117676,14.765625
2569.343017578125,106.85363006591797,4215.34033203125,0.09383093565702438,1.8374301195144653,15.303604125976562
2569.208984375,106.8695297241211,4214.85791015625,0.06182920187711716,1.8386390209197998,15.542152404785156
2569.07421875,106.88551330566406,4214.37353515625,0.0454237274825573,1.839349389076233,15.651458740234375
2568.93798828125,106.9015884399414,4213.88623046875,0.03713798522949219,1.8405650854110718,15.698074340820312
2568.80078125,106.91776275634766,4213.396484375,0.0318521149456501,1.8410910367965698,15.721504211425781
2568.66259765625,106.93404388427734,4212.904296875,0.02746107429265976,1.8408656120300293,15.729591369628906
2568.5234375,106.95038604736328,4212.40966796875,0.023903213441371918,1.8405925035476685,15.735786437988281
2568.3837890625,106.96682739257812,4211.9130859375,0.021062735468149185,1.840469479560852,15.736106872558594
2568.2431640625,106.98334503173828,4211.41357421875,0.018870342522859573,1.840708613395691,15.738716125488281
2568.101806640625,106.99994659423828,4210.91162109375,0.016491463407874107,1.84062659740448,15.737472534179688
2567.959716796875,107.01663208007812,4210.4072265625,0.014940476045012474,1.8405925035476685,15.739288330078125
2567.81689453125,107.03338623046875,4209.900390625,0.014291221275925636,1.8406949043273926,15.737777709960938
2567.67333984375,107.05023193359375,4209.39111328125,0.013075779192149639,1.8406333923339844,15.739433288574219
2567.529052734375,107.06715393066406,4208.87939453125,0.012838145717978477,1.8404353857040405,15.73785400390625
2567.38427734375,107.08414459228516,4208.36572265625,0.011825581081211567,1.8403123617172241,15.739463806152344
2567.23876953125,107.10123443603516,4207.84912109375,0.011503755114972591,1.8402509689331055,15.737907409667969
2567.092529296875,107.118408203125,4207.330078125,0.011031216010451317,1.8404080867767334,15.739517211914062
2566.94580078125,107.1356430053711,4206.80908203125,0.010586116462945938,1.840285062789917,15.73797607421875
2566.79833984375,107.15294647216797,4206.28564453125,0.010366314090788364,1.8399367332458496,15.739494323730469
2566.650146484375,107.17034912109375,4205.759765625,0.009911444038152695,1.8398616313934326,15.737960815429688
2566.50146484375,107.18781280517578,4205.2314453125,0.0087019307538867,1.8398070335388184,15.739448547363281
2566.355712890625,107.20536804199219,4204.7001953125,-0.014129666611552238,1.8405036926269531,15.538673400878906
2566.21630859375,107.22298431396484,4204.1650390625,-0.035247884690761566,1.8409886360168457,15.054550170898438
2566.077392578125,107.24066925048828,4203.6279296875,-0.016906825825572014,1.8409544229507446,14.678550720214844
2565.937255859375,107.25841522216797,4203.087890625,0.004649383015930653,1.8410978317260742,14.506858825683594
2565.796875,107.27623748779297,4202.54638671875,0.01721797324717045,1.8409886360168457,14.425529479980469
2565.656494140625,107.29412841796875,4202.001953125,0.021178795024752617,1.8399231433868408,14.390106201171875
2565.515625,107.31212615966797,4201.455078125,0.022413009777665138,1.8384886980056763,14.371688842773438
2565.375,107.33015441894531,4200.90625,0.024775279685854912,1.8382223844528198,14.365341186523438
2565.2333984375,107.34829711914062,4200.35498046875,0.025507353246212006,1.8391034603118896,14.360366821289062
2565.091796875,107.36650848388672,4199.8017578125,0.023521699011325836,1.8405582904815674,14.360221862792969
2564.94970703125,107.38479614257812,4199.24658203125,0.020393913611769676,1.8429557085037231,14.358070373535156
2564.806884765625,107.40312957763672,4198.68896484375,0.018679143860936165,1.8444651365280151,14.359207153320312
2564.66357421875,107.42154693603516,4198.12939453125,0.018927352502942085,1.8448407649993896,14.357795715332031
2564.519775390625,107.44003295898438,4197.5673828125,0.019085640087723732,1.8440485000610352,14.359298706054688
2564.37548828125,107.45858001708984,4197.00341796875,0.016648009419441223,1.841951608657837,14.35797119140625
2564.23046875,107.47720336914062,4196.4375,0.013792778365314007,1.839684009552002,14.359535217285156
2564.085205078125,107.49591827392578,4195.869140625,0.01131693460047245,1.8378535509109497,14.358345031738281
2563.939208984375,107.51467895507812,4195.29931640625,0.010398066602647305,1.8374301195144653,14.359992980957031
2563.792724609375,107.53350067138672,4194.72705078125,0.00784893985837698,1.8387346267700195,14.358772277832031
2563.64599609375,107.55240631103516,4194.15283203125,0.004015555139631033,1.8408042192459106,14.360382080078125
2563.498291015625,107.57138061523438,4193.57666015625,-0.001098628039471805,1.8432289361953735,14.359184265136719
2563.350341796875,107.59042358398438,4192.998046875,-0.003692616242915392,1.844362735748291,14.360557556152344
2563.201904296875,107.60951232910156,4192.41748046875,-0.004791138228029013,1.8442944288253784,14.359481811523438
2563.05419921875,107.62866973876953,4191.83544921875,-0.01416017021983862,1.8431196212768555,14.274253845214844
2562.909423828125,107.64791107177734,4191.25,-0.026855438947677612,1.8410159349441528,14.067314147949219
2562.76708984375,107.667236328125,4190.66259765625,-0.03842160478234291,1.8407700061798096,13.773971557617188
2562.626708984375,107.68659973144531,4190.072265625,-0.04013065993785858,1.8400733470916748,13.465225219726562
2562.48681640625,107.70599365234375,4189.4794921875,-0.025848308578133583,1.8403328657150269,13.269630432128906
2562.346435546875,107.72542572021484,4188.884765625,-0.013244697824120522,1.840175747871399,13.175582885742188
2562.20849609375,107.74494171142578,4188.2880859375,-0.022155912593007088,1.8401689529418945,12.99822998046875
2562.0751953125,107.76456451416016,4187.68798828125,-0.03643778711557388,1.840134859085083,12.661376953125
2561.94580078125,107.78424835205078,4187.08544921875,-0.039184506982564926,1.8398616313934326,12.254402160644531
2561.819091796875,107.8039321899414,4186.47998046875,-0.02865615114569664,1.839451789855957,11.870010375976562
2561.69287109375,107.82367706298828,4185.873046875,-0.00869749952107668,1.8396772146224976,11.631721496582031
2561.567138671875,107.843505859375,4185.26416015625,0.0032982274424284697,1.8401689529418945,11.516921997070312
2561.44189453125,107.86341857910156,4184.65283203125,0.007136318366974592,1.840134859085083,11.463729858398438
2561.31640625,107.88336944580078,4184.0400390625,0.012856454588472843,1.839950442314148,11.437156677246094
2561.19140625,107.90335845947266,4183.4248046875,0.01802508905529976,1.8398138284683228,11.425994873046875
2561.06640625,107.92340850830078,4182.80810546875,0.02149565890431404,1.8402645587921143,11.419418334960938
2560.94140625,107.94355010986328,4182.18994140625,0.019300755113363266,1.8402372598648071,11.417678833007812
2560.81591796875,107.96376037597656,4181.56982421875,0.017625795677304268,1.8397455215454102,11.415702819824219
2560.690185546875,107.98397827148438,4180.947265625,0.019611787050962448,1.839451789855957,11.416160583496094
2560.564208984375,108.00423431396484,4180.32373046875,0.022157449275255203,1.839301586151123,11.415206909179688
2560.437744140625,108.02456665039062,4179.6982421875,0.023322155699133873,1.83817458152771,11.416107177734375
2560.311279296875,108.04497528076172,4179.07080078125,0.022151917219161987,1.8364806175231934,11.415283203125
2560.18408203125,108.06541442871094,4178.44189453125,0.021706972271203995,1.8359888792037964,11.416145324707031
2560.056884765625,108.08592224121094,4177.81103515625,0.018822526559233665,1.837491512298584,11.415359497070312
2559.92919921875,108.10649108886719,4177.1787109375,0.015362980775535107,1.8392878770828247,11.416252136230469
2559.80126953125,108.12706756591797,4176.54443359375,0.013025726191699505,1.836733341217041,11.415542602539062
2559.673095703125,108.14746856689453,4175.9091796875,0.01343975868076086,1.8233667612075806,11.416511535644531
2559.544189453125,108.16781616210938,4175.27197265625,0.011057920753955841,1.8073636293411255,11.415969848632812
2559.41552734375,108.1881332397461,4174.6328125,0.004800375550985336,1.784482479095459,11.416885375976562
2559.285888671875,108.20807647705078,4173.9921875,0.0016818558797240257,1.7401612997055054,11.416404724121094
2559.15625,108.22761535644531,4173.35009765625,-0.0011291325790807605,1.7003755569458008,11.417282104492188
2559.026123046875,108.24689483642578,4172.70654296875,-0.0036620451137423515,1.6640321016311646,11.416702270507812
2558.89599609375,108.26576232910156,4172.06103515625,-0.009399371221661568,1.6074849367141724,11.417556762695312
2558.76513671875,108.28404235839844,4171.4140625,-0.011749234981834888,1.5594550371170044,11.417030334472656
2558.63427734375,108.30183410644531,4170.76513671875,-0.01147460751235485,1.5226881504058838,11.417991638183594
2558.5029296875,108.31912231445312,4170.11474609375,-0.013488762080669403,1.4671381711959839,11.417442321777344
2558.37109375,108.33588409423828,4169.462890625,-0.015777651220560074,1.4167996644973755,11.418304443359375
2558.239013671875,108.35220336914062,4168.80908203125,-0.020050136372447014,1.3812075853347778,11.417716979980469
2558.1064453125,108.36795806884766,4168.1533203125,-0.02316284365952015,1.3265115022659302,11.418510437011719
2557.973876953125,108.38314056396484,4167.49609375,-0.024047894403338432,1.274424433708191,11.417953491210938
2557.8427734375,108.39781951904297,4166.83642578125,-0.03469851613044739,1.2373502254486084,11.306777954101562
2557.71484375,108.41233825683594,4166.17529296875,-0.04977411776781082,1.1991626024246216,11.044837951660156
2557.59033203125,108.42638397216797,4165.51123046875,-0.058929380029439926,1.1615760326385498,10.71087646484375
2557.468017578125,108.43978881835938,4164.84521484375,-0.060211170464754105,1.1365571022033691,10.387008666992188
2557.346923828125,108.45291137695312,4164.17724609375,-0.05111686885356903,1.1105613708496094,10.180488586425781
2557.225830078125,108.46597290039062,4163.50732421875,-0.04263307899236679,1.0836231708526611,10.078620910644531
2557.105224609375,108.47882843017578,4162.83544921875,-0.036865245550870895,1.067244291305542,10.0296630859375
2556.985107421875,108.49152374267578,4162.16162109375,-0.03302004560828209,1.058221697807312,10.004852294921875
2556.86962890625,108.50401306152344,4161.48583984375,-0.05572505295276642,1.0542123317718506,9.769966125488281
2556.761962890625,108.516357421875,4160.80712890625,-0.08602897077798843,1.0462756156921387,9.212432861328125
2556.656494140625,108.52863311767578,4160.126953125,-0.07296756654977798,1.0371983051300049,8.764610290527344
2556.55126953125,108.54092407226562,4159.44482421875,-0.05026238039135933,1.0276906490325928,8.543495178222656
2556.447021484375,108.55327606201172,4158.7607421875,-0.036712631583213806,1.019036889076233,8.4349365234375
2556.343505859375,108.56554412841797,4158.07470703125,-0.03097541257739067,1.0170902013778687,8.381416320800781
2556.240966796875,108.57778930664062,4157.38720703125,-0.027099594473838806,1.0192418098449707,8.355415344238281
2556.138916015625,108.59002685546875,4156.69775390625,-0.023590100929141045,1.0218782424926758,8.34234619140625
2556.037109375,108.60231018066406,4156.0068359375,-0.018798770383000374,1.023339867591858,8.336685180664062
2555.935546875,108.6146469116211,4155.314453125,-0.016449030488729477,1.0245692729949951,8.333351135253906
2555.833984375,108.62704467773438,4154.6201171875,-0.015808122232556343,1.025143027305603,8.332527160644531
2555.731689453125,108.63949584960938,4153.9248046875,-0.014800984412431717,1.0246102809906006,8.331390380859375
2555.62939453125,108.65194702148438,4153.2275390625,-0.01190185360610485,1.0245829820632935,8.331687927246094
2555.52685546875,108.66444396972656,4152.52880859375,-0.010314914397895336,1.0245146751403809,8.331085205078125
2555.424560546875,108.67696380615234,4151.828125,-0.010284438729286194,1.0239750146865845,8.331581115722656
2555.32177734375,108.68950653076172,4151.12646484375,-0.008605916053056717,1.0234013795852661,8.331031799316406
2555.218505859375,108.70208740234375,4150.42333984375,-0.007446307223290205,1.0235310792922974,8.331550598144531
2555.115234375,108.7147445678711,4149.71875,-0.006134015507996082,1.027492642402649,8.331100463867188
2555.01220703125,108.72771453857422,4149.01220703125,-0.0055236066691577435,1.045080304145813,8.33154296875
2554.908203125,108.74085998535156,4148.30419921875,-0.005035415757447481,1.066902756690979,8.331184387207031
2554.80419921875,108.75408935546875,4147.5947265625,-0.00427252147346735,1.089100956916809,8.331535339355469
2554.700439453125,108.76747131347656,4146.88427734375,-0.0039672767743468285,1.1150965690612793,8.33123779296875
2554.59619140625,108.78195190429688,4146.171875,-0.004272418562322855,1.1646087169647217,8.331520080566406
2554.491455078125,108.79712677001953,4145.45849609375,-0.004089333117008209,1.2231297492980957,8.331336975097656
2554.38671875,108.81256866455078,4144.74365234375,-0.0044554672203958035,1.28280508518219,8.331520080566406
2554.281982421875,108.82813262939453,4144.02734375,-0.004180899355560541,1.3404791355133057,8.3314208984375
2554.18115234375,108.84455108642578,4143.31005859375,-0.02600104734301567,1.35986328125,8.114089965820312
2554.088134765625,108.86154174804688,4142.59130859375,-0.05282588675618172,1.3591461181640625,7.569793701171875
2553.99755859375,108.87875366210938,4141.87060546875,-0.03945925086736679,1.360245704650879,7.120643615722656
2553.906982421875,108.89695739746094,4141.1484375,-0.018066413700580597,1.4104613065719604,6.894073486328125
2553.817626953125,108.91578674316406,4140.4248046875,-0.0055847992189228535,1.4815157651901245,6.779815673828125
2553.729736328125,108.93482208251953,4139.69921875,0.0018058641580864787,1.5568664073944092,6.72186279296875
2553.642578125,108.95393371582031,4138.97314453125,0.007221256382763386,1.62971031665802,6.692527770996094
2553.55615234375,108.97412872314453,4138.24560546875,0.013889110647141933,1.6546200513839722,6.678276062011719
2553.47021484375,108.99506378173828,4137.517578125,0.01872081123292446,1.6542922258377075,6.6712646484375
2553.38427734375,109.01631927490234,4136.78857421875,0.025200629606842995,1.65561044216156,6.667694091796875
2553.298095703125,109.03853607177734,4136.0576171875,0.03117176704108715,1.7068642377853394,6.665702819824219
2553.212158203125,109.06135559082031,4135.32568359375,0.03455354645848274,1.7781509160995483,6.664581298828125
2553.1259765625,109.08436584472656,4134.5927734375,0.03782563656568527,1.8533785343170166,6.663948059082031
2553.0400390625,109.10749053955078,4133.859375,0.040607254952192307,1.9246447086334229,6.663581848144531
2552.9541015625,109.13175201416016,4133.12451171875,0.044510144740343094,1.9454289674758911,6.663475036621094
2552.8681640625,109.15666961669922,4132.38916015625,0.046616412699222565,1.944274663925171,6.66339111328125
2552.7822265625,109.18193817138672,4131.6533203125,0.04948624223470688,1.948878288269043,6.6633758544921875
2552.6962890625,109.20822143554688,4130.916015625,0.05243327468633652,2.0038340091705322,6.663238525390625
2552.610107421875,109.23501586914062,4130.177734375,0.05362923443317413,2.0757627487182617,6.6631011962890625
2552.5263671875,109.2619400024414,4129.4404296875,0.04410058259963989,2.1491870880126953,6.548652648925781
2552.4462890625,109.28890991210938,4128.70654296875,0.03885066509246826,2.211451292037964,6.296112060546875
2552.37109375,109.3167724609375,4127.978515625,0.037182338535785675,2.2205147743225098,5.942474365234375
2552.3017578125,109.34484100341797,4127.25830078125,0.03734750300645828,2.2097983360290527,5.493782043457031
2552.2392578125,109.37277221679688,4126.5478515625,0.04146532341837883,2.2020323276519775,4.951103210449219
2552.185302734375,109.40068054199219,4125.84765625,0.047871291637420654,2.2173593044281006,4.325965881347656
2552.1396484375,109.42829895019531,4125.158203125,0.05806749686598778,2.24058198928833,3.64111328125
2552.09814453125,109.4555435180664,4124.48046875,0.08170340210199356,2.272615432739258,3.1657638549804688
2552.058837890625,109.48253631591797,4123.8134765625,0.10372719168663025,2.316711187362671,2.9275054931640625
2552.022705078125,109.50946044921875,4123.15869140625,0.10983674973249435,2.33558988571167,2.8103561401367188
2551.98876953125,109.53604125976562,4122.51513671875,0.11659296602010727,2.336928606033325,2.753143310546875
2551.95703125,109.56233978271484,4121.8837890625,0.11508909612894058,2.3451590538024902,2.7256546020507812
2551.926513671875,109.5885009765625,4121.26318359375,0.1060870885848999,2.3485193252563477,2.7124404907226562
2551.897216796875,109.61421966552734,4120.65380859375,0.09296742081642151,2.338916301727295,2.707489013671875
2551.870849609375,109.63916778564453,4120.0556640625,0.07427044212818146,2.3334860801696777,2.5982131958007812
2551.847412109375,109.66365051269531,4119.46826171875,0.06183790788054466,2.3428709506988525,2.4036865234375
2551.824951171875,109.68792724609375,4118.89111328125,0.06053711846470833,2.3465592861175537,2.2536773681640625
2551.802734375,109.71176147460938,4118.32470703125,0.05625785142183304,2.339366912841797,2.1990432739257812
2551.781494140625,109.73490905761719,4117.76806640625,0.04877925664186478,2.3354122638702393,2.1553497314453125
2551.760498046875,109.75760650634766,4117.2216796875,0.038640737533569336,2.344646692276001,2.1555404663085938
2551.740234375,109.78011322021484,4116.68505859375,0.030538957566022873,2.352036952972412,2.1344833374023438
2551.720458984375,109.80231475830078,4116.158203125,0.016684245318174362,2.346839189529419,2.1476058959960938
2551.702880859375,109.82401275634766,4115.6416015625,-0.0018310646992176771,2.345917224884033,2.033782958984375
2551.69091796875,109.84512329101562,4115.13427734375,-0.03189077973365784,2.352631092071533,1.7177047729492188
2551.685791015625,109.86575317382812,4114.63623046875,-0.04861460253596306,2.3552403450012207,1.149200439453125
2551.681884765625,109.88623809814453,4114.14794921875,-0.03298938646912575,2.35455060005188,0.7585678100585938
2551.6767578125,109.90634155273438,4113.66845703125,-0.016113337129354477,2.3468732833862305,0.5537643432617188
2551.67236328125,109.92591857910156,4113.1982421875,-0.01507561095058918,2.3416073322296143,0.48809051513671875
2551.66845703125,109.94515228271484,4112.7353515625,-0.01998913660645485,2.3424882888793945,0.430084228515625
2551.66455078125,109.9642562866211,4112.28076171875,-0.026275696232914925,2.347440242767334,0.43408203125
2551.66064453125,109.98298645019531,4111.83349609375,-0.033172715455293655,2.3563194274902344,0.405517578125
2551.66015625,110.0013656616211,4111.39404296875,-0.05364999920129776,2.3541884422302246,0.29161834716796875
2551.665771484375,110.01944732666016,4110.96142578125,-0.07940671592950821,2.355807304382324,-0.151611328125
2551.678466796875,110.03714752197266,4110.53662109375,-0.09732053428888321,2.363976240158081,-0.800140380859375
2551.693603515625,110.054443359375,4110.1181640625,-0.07540906220674515,2.3676917552948,-1.3866348266601562
2551.70703125,110.071533203125,4109.705078125,-0.04763798415660858,2.3635730743408203,-1.6504364013671875
2551.7197265625,110.08856964111328,4109.29833984375,-0.033569347113370895,2.3578357696533203,-1.7992019653320312
2551.732421875,110.10552215576172,4108.89697265625,-0.029907096177339554,2.3586690425872803,-1.8284683227539062
2551.74462890625,110.1222152709961,4108.5009765625,-0.03198251873254776,2.3659772872924805,-1.8762588500976562
2551.75732421875,110.13858795166016,4108.109375,-0.040924154222011566,2.3701438903808594,-1.8612442016601562
2551.76953125,110.15470123291016,4107.7236328125,-0.04571528732776642,2.364720582962036,-1.889556884765625
2551.782470703125,110.17052459716797,4107.34228515625,-0.05657948926091194,2.3611416816711426,-1.8654861450195312
2551.79638671875,110.18610382080078,4106.96533203125,-0.07608027756214142,2.3658204078674316,-1.9885330200195312
2551.8134765625,110.20157623291016,4106.59228515625,-0.09039317071437836,2.373483657836914,-2.18255615234375
2551.83203125,110.21685028076172,4106.22314453125,-0.09152231365442276,2.3687846660614014,-2.4578094482421875
2551.85009765625,110.23200988769531,4105.85791015625,-0.08135979622602463,2.356060028076172,-2.5816650390625
2551.866943359375,110.24708557128906,4105.49560546875,-0.06835930794477463,2.343813419342041,-2.6696395874023438
2551.88427734375,110.26190185546875,4105.13623046875,-0.08126847445964813,2.3322839736938477,-2.66925048828125
2551.900634765625,110.27628326416016,4104.77978515625,-0.08700558543205261,2.3168818950653076,-2.70574951171875
2551.920166015625,110.29022216796875,4104.42626953125,-0.09851069003343582,2.291412115097046,-2.8245849609375
2551.943115234375,110.30398559570312,4104.0751953125,-0.11437995731830597,2.259610891342163,-3.15557861328125
2551.9658203125,110.31771850585938,4103.72705078125,-0.10467532277107239,2.2252070903778076,-3.3300094604492188
2551.987060546875,110.33128356933594,4103.38134765625,-0.0927734375,2.193692684173584,-3.4385604858398438
2552.00830078125,110.3444595336914,4103.03662109375,-0.09756475687026978,2.1615021228790283,-3.4445724487304688
2552.029052734375,110.3572998046875,4102.69482421875,-0.09179683029651642,2.1169486045837402,-3.4842147827148438
2552.052490234375,110.3698501586914,4102.3544921875,-0.10507206618785858,2.064650058746338,-3.610260009765625
2552.08056640625,110.38211822509766,4102.01611328125,-0.12350466102361679,2.017296314239502,-3.9901504516601562
2552.108642578125,110.39408874511719,4101.67919921875,-0.10720816999673843,1.979941964149475,-4.213813781738281
2552.134521484375,110.40570831298828,4101.34228515625,-0.0844726637005806,1.9482157230377197,-4.340576171875
2552.16064453125,110.41690826416016,4101.0068359375,-0.0744628757238388,1.9017772674560547,-4.354194641113281
2552.186279296875,110.42799377441406,4100.67138671875,-0.06317142397165298,1.8515753746032715,-4.397224426269531
2552.212158203125,110.43901824951172,4100.3359375,-0.061981167644262314,1.805055022239685,-4.37701416015625
2552.237548828125,110.44995880126953,4100.0,-0.06469716131687164,1.7691144943237305,-4.407745361328125
2552.263427734375,110.46038055419922,4099.6640625,-0.06024179235100746,1.7338570356369019,-4.382255554199219
2552.2890625,110.47036743164062,4099.32861328125,-0.05587766692042351,1.696202278137207,-4.410224914550781
2552.31640625,110.48023986816406,4098.9931640625,-0.056762732565402985,1.6596060991287231,-4.458061218261719
2552.345703125,110.49015045166016,4098.6572265625,-0.058227553963661194,1.6243213415145874,-4.653190612792969
2552.377197265625,110.49996948242188,4098.3212890625,-0.05679326504468918,1.5933395624160767,-4.851188659667969
2552.41064453125,110.50920867919922,4097.984375,-0.05209355801343918,1.5656226873397827,-5.132270812988281
2552.44580078125,110.51822662353516,4097.64697265625,-0.03952030837535858,1.534675121307373,-5.3770294189453125
2552.48291015625,110.52721405029297,4097.3095703125,-0.02215576358139515,1.500319242477417,-5.68524169921875
2552.521240234375,110.53621673583984,4096.9716796875,-0.009307719767093658,1.4614349603652954,-5.906745910644531
2552.558837890625,110.54476928710938,4096.6328125,0.005793742835521698,1.4266078472137451,-6.070899963378906
2552.595947265625,110.5529556274414,4096.29296875,0.020857281982898712,1.3921632766723633,-6.099220275878906
2552.63232421875,110.56107330322266,4095.95263671875,0.03705136850476265,1.35741126537323,-6.147712707519531
2552.6689453125,110.56927490234375,4095.611572265625,0.04542750120162964,1.321279525756836,-6.1300506591796875
2552.70556640625,110.57743072509766,4095.26953125,0.044085245579481125,1.2857557535171509,-6.1606292724609375
2552.742431640625,110.58503723144531,4094.926513671875,0.04170990362763405,1.24746572971344,-6.136268615722656
2552.779052734375,110.5924072265625,4094.5830078125,0.04859655350446701,1.2108217477798462,-6.1633453369140625
2552.816650390625,110.59971618652344,4094.239013671875,0.056822389364242554,1.1758170127868652,-6.136909484863281
2552.85400390625,110.60698699951172,4093.89404296875,0.05799262598156929,1.1443297863006592,-6.163459777832031
2552.889892578125,110.61378479003906,4093.548095703125,0.05940163880586624,1.1132320165634155,-6.058540344238281
2552.923095703125,110.62026977539062,4093.201416015625,0.0719500184059143,1.0784252882003784,-5.900978088378906
2552.9541015625,110.62669372558594,4092.853271484375,0.0858227089047432,1.042819619178772,-5.6084136962890625
2552.982177734375,110.6331787109375,4092.505615234375,0.09476985782384872,1.0059775114059448,-5.303680419921875
2553.0087890625,110.63943481445312,4092.15625,0.08351363986730576,0.9729945659637451,-4.949562072753906
2553.0341796875,110.64517974853516,4091.806396484375,0.07312962412834167,0.940359890460968,-4.702789306640625
2553.059326171875,110.6507568359375,4091.456787109375,0.06803155690431595,0.9051434397697449,-4.465179443359375
2553.084716796875,110.65628814697266,4091.107177734375,0.059366967529058456,0.8673520088195801,-4.3775634765625
2553.11083984375,110.66173553466797,4090.75732421875,0.04623300954699516,0.8294854760169983,-4.305389404296875
2553.13671875,110.66659545898438,4090.408935546875,0.03846419230103493,0.7936201095581055,-4.312843322753906
2553.16259765625,110.67119598388672,4090.060791015625,0.03862307220697403,0.7570854425430298,-4.278160095214844
2553.188232421875,110.67575073242188,4089.7138671875,0.04385851323604584,0.7202775478363037,-4.301597595214844
2553.214111328125,110.68031311035156,4089.367919921875,0.04540909826755524,0.6833398938179016,-4.273414611816406
2553.23974609375,110.68455505371094,4089.02294921875,0.040394142270088196,0.6520712971687317,-4.3001251220703125
2553.265625,110.68850708007812,4088.68017578125,0.04098247364163399,0.6240265369415283,-4.272712707519531
2553.291259765625,110.69232940673828,4088.3388671875,0.04570000246167183,0.5977029800415039,-4.29986572265625
2553.317138671875,110.69607543945312,4087.99951171875,0.04543612524867058,0.5721648931503296,-4.2724609375
2553.342041015625,110.69967651367188,4087.6630859375,0.04357775300741196,0.5517699718475342,-4.3001708984375
2553.3671875,110.70301818847656,4087.32861328125,0.0444912351667881,0.5426448583602905,-4.27227783203125
2553.388916015625,110.7062759399414,4086.997314453125,0.06338921934366226,0.5352887511253357,-4.157173156738281
2553.40673828125,110.70948791503906,4086.6708984375,0.08476018905639648,0.5270037055015564,-3.796600341796875
2553.420654296875,110.71265411376953,4086.3486328125,0.09484196454286575,0.5171545743942261,-3.4075851440429688
2553.43115234375,110.71568298339844,4086.03173828125,0.09438642859458923,0.5120592713356018,-2.9217681884765625
2553.4384765625,110.71854400634766,4085.720458984375,0.09271764010190964,0.5106112360954285,-2.4757766723632812
2553.443115234375,110.72135162353516,4085.414794921875,0.09162727743387222,0.51036536693573,-1.9653854370117188
2553.44482421875,110.72415161132812,4085.114501953125,0.08814918994903564,0.5102902054786682,-1.52294921875
2553.4443359375,110.72688293457031,4084.82080078125,0.08211445808410645,0.511307954788208,-1.0346145629882812
2553.44091796875,110.72957611083984,4084.53271484375,0.07942971587181091,0.5116152763366699,-0.6115188598632812
2553.435546875,110.73220825195312,4084.25048828125,0.0777253657579422,0.5109391212463379,-0.1109619140625
2553.425048828125,110.73479461669922,4083.974609375,0.08556210994720459,0.5091700553894043,0.43866729736328125
2553.408447265625,110.73731231689453,4083.705810546875,0.1011233925819397,0.507442057132721,1.24591064453125
2553.385009765625,110.73976135253906,4083.443359375,0.11081504076719284,0.5071141719818115,2.1327438354492188
2553.357177734375,110.7421646118164,4083.187744140625,0.10921414941549301,0.5078654885292053,3.1341476440429688
2553.324462890625,110.74445343017578,4082.93798828125,0.10155556350946426,0.5092383623123169,4.1211700439453125
2553.285400390625,110.74658966064453,4082.692138671875,0.09737345576286316,0.5120865702629089,5.10333251953125
2553.241455078125,110.748779296875,4082.44970703125,0.0906577929854393,0.5143337249755859,6.0804443359375
2553.193359375,110.75104522705078,4082.21142578125,0.07904509454965591,0.5151601433753967,7.04669189453125
2553.14208984375,110.75331115722656,4081.977783203125,0.06510331481695175,0.5151055455207825,8.000007629394531
2553.087890625,110.7555160522461,4081.749267578125,0.050459954887628555,0.5143815279006958,8.934974670410156
2553.03076171875,110.75767517089844,4081.525634765625,0.03688626363873482,0.5132818818092346,9.851760864257812
2552.971435546875,110.75978088378906,4081.306884765625,0.024008221924304962,0.5129198431968689,10.749961853027344
2552.909423828125,110.7618408203125,4081.0927734375,0.010989067144691944,0.5132681727409363,11.631675720214844
2552.845458984375,110.76383209228516,4080.88330078125,0.004053531680256128,0.5114582180976868,12.496475219726562
2552.779541015625,110.7653579711914,4080.67919921875,0.041576895862817764,0.48742958903312683,13.347602844238281
2552.7119140625,110.76622009277344,4080.4794921875,0.05572168901562691,0.43632611632347107,14.180130004882812
2552.642578125,110.76671600341797,4080.28466796875,0.05766849219799042,0.3749227225780487,14.999046325683594
2552.572021484375,110.76705169677734,4080.093994140625,0.05669122189283371,0.31242650747299194,15.803459167480469
2552.49951171875,110.76719665527344,4079.90771484375,0.07695718109607697,0.2426629513502121,16.596046447753906
2552.42578125,110.76667785644531,4079.7255859375,0.16999481618404388,0.14525079727172852,17.375137329101562
2552.35107421875,110.76548767089844,4079.54736328125,0.2284945249557495,0.019267963245511055,18.14068603515625
2552.275634765625,110.76382446289062,4079.373291015625,0.2491450309753418,-0.12264969944953918,18.892112731933594
2552.19873046875,110.76155090332031,4079.203369140625,0.31640034914016724,-0.2892516553401947,19.633338928222656
2552.12060546875,110.75892639160156,4079.036865234375,0.4075842499732971,-0.4640498459339142,20.363235473632812
2552.042236328125,110.75589752197266,4078.8740234375,0.45472100377082825,-0.6548716425895691,21.081993103027344
2551.962646484375,110.75261688232422,4078.714599609375,0.4787888824939728,-0.8529061675071716,21.788467407226562
2551.88232421875,110.74909973144531,4078.55859375,0.5197680592536926,-1.0590753555297852,22.48638916015625
2551.80126953125,110.74555206298828,4078.405517578125,0.570314347743988,-1.2659549713134766,23.173805236816406
2551.7197265625,110.741943359375,4078.255859375,0.6079362034797668,-1.4741801023483276,23.852386474609375
2551.63720703125,110.7380142211914,4078.10888671875,0.6490982174873352,-1.6698582172393799,24.52167510986328
2551.55419921875,110.73382568359375,4077.96533203125,0.7071008682250977,-1.8536380529403687,25.184524536132812
2551.470458984375,110.72959899902344,4077.82421875,0.766947329044342,-2.031646490097046,25.837692260742188
2551.386474609375,110.7252197265625,4077.685546875,0.8139530420303345,-2.1957690715789795,26.4842529296875
2551.30224609375,110.72071075439453,4077.5498046875,0.8388795256614685,-2.3447492122650146,27.121482849121094
2551.217041015625,110.71620178222656,4077.4169921875,0.8608934879302979,-2.487520694732666,27.75200653076172
2551.131591796875,110.7114028930664,4077.286376953125,0.9046351313591003,-2.6145620346069336,28.37531280517578
2551.0458984375,110.70623779296875,4077.158447265625,0.9683877825737,-2.717315435409546,28.99462127685547
2550.959716796875,110.70104217529297,4077.032958984375,1.0345724821090698,-2.810731887817383,29.60436248779297
2550.873291015625,110.69593811035156,4076.909912109375,1.1032464504241943,-2.89974308013916,30.20868682861328
2550.787109375,110.69072723388672,4076.789306640625,1.1589882373809814,-2.975039005279541,30.802505493164062
2550.70068359375,110.68476104736328,4076.671142578125,1.218169093132019,-3.011348247528076,31.393272399902344
2550.61376953125,110.67857360839844,4076.555419921875,1.2881125211715698,-3.031463146209717,31.975311279296875
2550.527099609375,110.67237854003906,4076.442138671875,1.3622477054595947,-3.04799222946167,32.55426788330078
2550.440185546875,110.66639709472656,4076.33056640625,1.4206465482711792,-3.060300350189209,33.124969482421875
2550.352783203125,110.66047668457031,4076.220458984375,1.4631717205047607,-3.0616390705108643,33.69367980957031
2550.264892578125,110.65412139892578,4076.112060546875,1.485307216644287,-3.0423574447631836,34.25688171386719
2550.17578125,110.64757537841797,4076.004638671875,1.503066062927246,-3.014613151550293,34.820770263671875
2550.086669921875,110.64100646972656,4075.898681640625,1.5197532176971436,-2.985748767852783,35.379974365234375
2549.99609375,110.6344985961914,4075.79345703125,1.5369821786880493,-2.9580318927764893,35.940528869628906
2549.905029296875,110.62818145751953,4075.68994140625,1.5700552463531494,-2.924837112426758,36.49840545654297
2549.81298828125,110.62190246582031,4075.586669921875,1.5994325876235962,-2.882141590118408,37.05962371826172
2549.719970703125,110.61573791503906,4075.484619140625,1.6001300811767578,-2.825683355331421,37.61796569824219
2549.62548828125,110.60970306396484,4075.38330078125,1.590122938156128,-2.7639999389648438,38.1796875
2549.5302734375,110.60372924804688,4075.282470703125,1.5740774869918823,-2.701838254928589,38.73884582519531
2549.43359375,110.59781646728516,4075.18310546875,1.557793378829956,-2.6395537853240967,39.302215576171875
2549.3359375,110.59194946289062,4075.083740234375,1.5452194213867188,-2.577515125274658,39.86408996582031
2549.236572265625,110.58614349365234,4074.98583984375,1.535935401916504,-2.5158932209014893,40.43125915527344
2549.13623046875,110.58043670654297,4074.887939453125,1.5245742797851562,-2.456477403640747,40.997344970703125
2549.034423828125,110.57493591308594,4074.790283203125,1.5267267227172852,-2.3913514614105225,41.570220947265625
2548.93115234375,110.56952667236328,4074.694091796875,1.5335547924041748,-2.3220183849334717,42.14349365234375
2548.826171875,110.56419372558594,4074.59765625,1.5428434610366821,-2.2519543170928955,42.72267150878906
2548.7197265625,110.55888366699219,4074.501708984375,1.552018165588379,-2.1817877292633057,43.3021240234375
2548.611572265625,110.5536117553711,4074.40673828125,1.5641491413116455,-2.1124203205108643,43.88764953613281
2548.501953125,110.54837036132812,4074.31201171875,1.5772778987884521,-2.044555425643921,44.473602294921875
2548.390625,110.5431900024414,4074.218017578125,1.5943182706832886,-1.9785690307617188,45.06561279296875
2548.27783203125,110.53834533691406,4074.12451171875,1.591186285018921,-1.9180946350097656,45.65684509277344
2548.163330078125,110.53384399414062,4074.031982421875,1.5613796710968018,-1.8521696329116821,46.25382995605469
2548.04736328125,110.5295181274414,4073.93994140625,1.5217435359954834,-1.785056233406067,46.8507080078125
